CONFIGURATION_1-PLANE_1-OBJECT_1-REDSHIFT CONFIGURATION_1-PLANE_1-OBJECT_1-LIGHT_PROFILE_1-magnitude-g CONFIGURATION_1-PLANE_1-OBJECT_1-LIGHT_PROFILE_1-magnitude-r CONFIGURATION_1-PLANE_1-OBJECT_1-LIGHT_PROFILE_1-magnitude-i CONFIGURATION_1-PLANE_1-OBJECT_1-LIGHT_PROFILE_1-magnitude-z CONFIGURATION_1-PLANE_1-OBJECT_1-LIGHT_PROFILE_1-magnitude-Y WEIGHT
0.12649094 19.87325859 19.09209251 18.70531082 18.48275948 18.42626953 1.0
0.25748792 21.79298973 21.43421555 21.26678276 21.34543800 21.33299065 1.0
0.21782839 21.72157860 21.09894562 20.83550835 20.69699860 20.75214195 1.0
0.17391822 22.20806122 21.85676384 21.70260429 21.67228889 21.56722069 1.0
0.23895259 21.98645020 21.53842163 21.38369179 21.21505165 21.16902924 1.0
0.25812989 21.01557732 20.02714920 19.73118973 19.42900658 19.19723701 1.0
0.19702208 23.58121872 23.42024422 23.38666534 23.53996277 99.00000000 1.0
0.21273933 24.42094040 24.12073135 23.79647255 23.24184799 23.12835884 1.0
0.21197130 20.72912407 19.71596718 19.34711647 19.11383629 19.01412964 1.0
0.20907083 21.56201553 21.18742180 20.92806053 20.98009491 21.14849854 1.0
0.19489051 23.72385025 23.48236847 23.34569359 23.16540337 22.69549370 1.0
0.13444470 20.31790161 19.70093918 19.57093048 19.33308792 19.19814491 1.0
0.27341905 22.69605255 22.22649384 22.28510284 22.11913872 21.79883385 1.0
0.23896985 21.92570877 21.50289536 21.21618652 21.23105431 21.33517456 1.0
0.28179005 23.19757080 22.79693794 22.86227989 22.61117554 22.47537804 1.0
0.19225724 20.38604736 19.26136780 18.92566490 18.63341331 18.51901627 1.0
0.20709701 22.24970818 21.79365158 21.67030525 21.57864761 21.76460266 1.0
0.23644716 22.69462585 22.21110916 22.10027695 21.91811943 21.92563629 1.0
0.26138321 22.68972397 22.32358551 22.22399521 22.08055496 22.05716896 1.0
0.17734554 21.68859291 21.28717232 21.09290695 21.09115791 21.06414986 1.0
0.21275869 20.03690529 18.79107857 18.40982628 18.06593513 17.84382057 1.0
0.05563431 24.66396713 24.11189079 23.87397766 23.36989594 21.74151421 1.0
0.13482082 20.99980927 20.61640358 20.44882965 20.37909508 20.19124222 1.0
0.23229815 20.59943199 20.27345085 20.11850929 20.11617470 20.08761406 1.0
0.14999716 22.27057076 22.03009605 22.06947899 21.99181557 21.64111137 1.0
0.28236309 21.15180969 20.16160774 19.80292892 19.60504341 19.57605171 1.0
0.15525058 25.06200790 24.31477928 24.41137314 24.49621964 99.00000000 1.0
0.12728168 20.85850143 20.39800835 20.06612206 19.83462524 19.62960434 1.0
0.17280054 19.57625008 18.66442490 18.37914848 18.12381554 17.95298195 1.0
0.23914157 22.58788490 22.21664429 21.94393921 21.80446053 21.65756989 1.0
0.28583363 23.54955101 23.26145172 23.23128510 23.30175591 22.76547241 1.0
0.05710406 21.22335434 21.05457687 21.13842964 21.12325668 21.09133720 1.0
0.27790526 22.74277878 22.50976181 22.34302330 22.39331055 20.87983894 1.0
0.20257181 22.62593842 22.14041138 21.93849182 21.85123253 21.92600822 1.0
0.17980230 20.13743401 19.20479393 18.83546066 18.56947517 18.50935936 1.0
0.23190007 21.64940262 20.94648361 20.74037170 20.47818947 20.27765083 1.0
0.28030121 22.10733414 20.76453781 20.27828789 19.98963737 19.85614395 1.0
0.12001800 19.64505577 18.71233749 18.56105423 18.22994041 18.06118965 1.0
0.27950299 21.52515411 20.22601318 19.81682968 19.57218742 19.48163605 1.0
0.07009856 19.19972038 18.63174438 18.38727570 18.34855461 18.27586555 1.0
0.05069170 17.44373894 16.70578003 16.48627281 16.19234657 15.94002056 1.0
0.24589276 21.49728012 20.25482368 19.84895706 19.49029922 19.24230576 1.0
0.19979867 21.59162903 21.00862885 20.76339531 20.56731987 20.48597527 1.0
0.17777769 21.12472916 20.46049500 20.30065727 20.04692268 19.87163734 1.0
0.26612264 22.10832977 20.76677132 20.45954132 20.27782631 19.88445663 1.0
0.13554975 19.21245193 18.27705383 17.95121193 17.69456863 17.49075317 1.0
0.09862857 19.44278908 18.07931328 16.93620110 16.38814354 16.23151398 1.0
0.15773293 21.16815186 20.53412819 20.45125580 20.24537468 20.16291428 1.0
0.19964974 22.13000107 21.70224571 21.74748421 21.46405602 21.24545097 1.0
0.12095598 19.91236115 19.44513893 19.05525017 18.94354057 18.82779884 1.0
0.24921237 21.99399567 21.44758034 21.19811058 21.14906502 21.07166100 1.0
0.19256154 21.82285500 21.36742401 21.17033768 21.13634682 20.96839714 1.0
0.27182367 22.78409576 22.28996277 22.09433746 22.03035355 22.11504745 1.0
0.18869355 22.71852493 22.53987122 22.36831856 22.32629967 21.90756226 1.0
0.22251838 20.87021065 19.96100616 19.55698395 19.23352814 18.98734856 1.0
0.19225575 22.06722832 21.80727005 21.62747383 21.54319763 21.75418854 1.0
0.07899342 19.54220009 18.86658859 18.76209068 18.52803040 18.37779808 1.0
0.20772989 21.75337029 21.27158928 21.06367874 20.96500587 20.83290291 1.0
0.27394962 21.56324196 20.19112968 19.85972977 19.41951752 19.25543213 1.0
0.22549260 21.56332397 20.51509285 20.29777718 20.00337982 19.83647728 1.0
0.08264463 23.66492081 23.65975761 23.46016312 23.58383560 21.97847748 1.0
0.25031778 21.93557358 21.53242683 21.55962753 21.36217499 21.33624268 1.0
0.28709146 23.71941566 23.27580261 23.18620491 23.05748177 22.43746376 1.0
0.20180885 21.31360817 21.02138329 20.86502266 20.76459312 20.61703300 1.0
0.29958528 22.58213806 22.10885811 22.05765724 21.85317993 21.77587891 1.0
0.25992349 21.02254868 19.88271904 19.66613388 19.37250137 19.14836884 1.0
0.25648633 21.38912964 20.67911148 20.38166618 20.16302490 20.13365364 1.0
0.23874459 20.97036171 19.78987122 19.37755394 19.08348846 18.92042542 1.0
0.12415045 20.28923035 19.73733902 19.51856804 19.25992775 19.02146530 1.0
0.06517699 19.81176186 19.26618767 19.09506226 18.87423134 18.76251411 1.0
0.17719181 20.73978806 20.29611206 20.08439064 19.99255180 19.91386795 1.0
0.21222721 22.78818512 22.49960899 22.44602776 22.37420464 22.21228600 1.0
0.19950737 22.21565628 22.01103973 21.78124428 21.73427010 21.52439880 1.0
0.29740363 22.98680305 22.61643791 22.53512573 22.35121727 22.10288048 1.0
0.06342109 20.77292061 20.88312149 20.97610664 20.87563515 20.52127838 1.0
0.23135245 20.85141373 20.05630684 19.63062668 19.33458519 19.22212791 1.0
0.19905861 20.41709900 19.27421379 18.95273781 18.62598038 18.39557076 1.0
0.21559717 20.38510132 19.18853951 18.84557533 18.55094719 18.40543175 1.0
0.21465607 20.93478584 19.86458778 19.53283501 19.21477509 18.88427353 1.0
0.29260728 22.31248474 21.76897812 21.59813881 21.40275383 21.35693741 1.0
0.29141843 23.05770302 22.63253403 22.43277931 22.28242111 22.45920944 1.0
0.19032240 20.74802971 20.15847969 19.76453400 19.60480118 19.49234772 1.0
0.17803988 20.37809563 19.46502876 19.06579590 18.77016449 18.62928963 1.0
0.24525197 22.44380188 22.03569794 21.91784286 21.88915062 21.88714790 1.0
0.19445698 22.27300262 21.69684219 21.41953659 21.24741173 21.09950066 1.0
0.14948970 19.89290619 19.22656059 18.94632339 18.75419807 18.75517082 1.0
0.19860221 19.89367294 19.40035820 19.24679565 18.99205971 18.88667488 1.0
0.24088059 20.64957619 20.25938606 20.15435219 20.15823555 20.08036804 1.0
0.15337865 22.14163399 21.87684441 22.01505470 22.04122162 21.82414246 1.0
0.23688108 21.33031654 20.85840988 20.65236092 20.55805588 20.55649948 1.0
0.24521253 20.47867584 19.79950523 19.53300476 19.40477180 19.19067955 1.0
0.25685930 24.69089699 24.17143822 24.18718147 23.84676170 22.81830025 1.0
0.29556003 21.00449753 20.23694992 19.89086151 19.60706139 19.62703514 1.0
0.05975437 19.85971260 19.49089622 19.42021942 19.37010193 19.29049873 1.0
0.26490858 21.01229095 19.70993423 19.20335770 18.98225784 18.83881760 1.0
0.19543841 20.30048180 19.23378372 18.86024666 18.58209419 18.33172989 1.0
0.21384616 20.95907593 20.61319923 20.38394547 20.29500198 20.17082405 1.0
0.26615342 22.46916962 21.46712685 20.95743179 20.63091850 20.35455513 1.0
0.27533337 22.56461525 22.20095444 21.88438225 21.88093376 21.94310570 1.0
0.17047207 23.52733803 23.25122452 23.27400398 23.43255234 99.00000000 1.0
