#seeing (''), sky brightness (mag) 
0.825000 19.567990 
0.915000 19.551425 
0.915000 19.535846 
1.095000 19.527773 
0.900000 19.522667 
0.835000 20.515336 
0.850000 20.506296 
0.920000 20.488438 
0.900000 20.490211 
0.980000 20.491986 
0.930000 20.508098 
0.960000 20.484902 
0.855000 20.511711 
0.925000 20.528121 
1.010000 20.567402 
0.940000 20.328943 
0.945000 20.309244 
0.895000 20.318291 
0.985000 20.295812 
1.030000 20.309244 
0.930000 20.312251 
0.975000 20.298782 
0.825000 19.696896 
1.230000 20.590504 
0.850000 20.673447 
0.940000 20.669673 
0.885000 20.846880 
0.875000 20.833655 
0.825000 20.759156 
0.880000 20.727706 
0.830000 20.712709 
0.880000 20.716635 
0.820000 20.740499 
0.750000 20.416155 
0.750000 20.376903 
0.755000 20.661417 
0.680000 20.633367 
0.735000 20.637017 
0.620000 20.648779 
0.635000 20.695598 
0.630000 20.708796 
0.910000 19.999152 
0.870000 19.973499 
0.890000 19.924996 
1.000000 19.837929 
0.735000 20.183199 
0.735000 20.158087 
0.890000 20.563599 
0.860000 20.557920 
0.765000 20.504497 
0.810000 20.493765 
0.770000 20.520797 
0.825000 20.470869 
0.825000 20.078746 
0.855000 20.516717 
0.835000 20.520651 
0.925000 20.561703 
0.935000 20.556033 
0.910000 20.499118 
0.995000 20.499118 
0.990000 20.495546 
0.775000 20.581436 
0.830000 20.589104 
1.005000 20.379784 
0.655000 20.348509 
0.670000 20.394888 
0.690000 20.417946 
0.700000 20.401931 
0.750000 20.395473 
0.800000 20.399578 
1.045000 20.176534 
1.020000 20.163326 
1.070000 20.142520 
0.735000 20.162013 
0.830000 20.225184 
0.690000 20.213022 
0.890000 20.199364 
0.690000 20.185877 
0.800000 20.296524 
0.720000 20.245384 
0.770000 20.204370 
0.765000 20.161070 
0.720000 20.207538 
0.965000 20.773155 
0.890000 20.769845 
1.150000 20.524453 
1.145000 20.522623 
1.155000 20.531801 
0.895000 20.550618 
0.925000 20.559431 
1.245000 20.483843 
1.290000 20.471218 
1.470000 20.441639 
1.285000 20.548519 
1.155000 20.458738 
0.835000 20.383830 
0.835000 20.377415 
0.805000 20.388666 
0.880000 20.387052 
0.895000 20.388666 
0.910000 20.388666 
1.000000 20.396775 
0.945000 20.366279 
0.865000 20.352127 
0.860000 20.355256 
0.830000 20.338158 
0.785000 20.333541 
0.805000 20.332006 
0.795000 20.328943 
0.815000 20.309244 
0.810000 20.350566 
0.950000 20.335078 
1.075000 20.318291 
1.000000 20.319807 
0.910000 20.342794 
0.880000 20.567402 
0.880000 20.524453 
0.905000 20.552270 
0.870000 20.565499 
0.905000 20.596826 
0.885000 20.586309 
1.010000 20.769936 
1.405000 20.756704 
0.925000 20.736485 
0.990000 20.694826 
0.685000 20.297593 
0.815000 20.718998 
0.865000 20.708796 
0.820000 21.106141 
0.865000 20.986802 
0.980000 21.055530 
0.850000 20.923119 
0.750000 20.899587 
0.950000 20.872913 
0.880000 20.823190 
0.625000 20.595418 
0.650000 20.551969 
0.605000 21.260817 
0.605000 21.260817 
0.740000 20.814545 
0.840000 20.845993 
1.025000 21.228685 
1.020000 21.204441 
1.150000 20.611724 
0.920000 21.131590 
0.860000 21.112542 
1.170000 20.633367 
0.795000 21.018542 
0.805000 21.037407 
0.925000 20.404289 
0.945000 20.493409 
0.835000 20.504353 
0.755000 20.562840 
0.790000 21.069595 
0.745000 21.018542 
0.725000 20.993889 
0.745000 20.918372 
0.660000 20.289600 
0.655000 20.308343 
0.845000 20.591906 
0.855000 20.618172 
0.870000 20.380938 
0.940000 21.049099 
0.905000 21.035295 
0.995000 21.011294 
0.860000 20.847767 
0.730000 20.842453 
0.770000 20.816269 
0.830000 20.802558 
0.860000 20.817995 
0.805000 20.808535 
0.880000 20.783983 
0.715000 20.875642 
0.855000 20.861166 
0.825000 20.908000 
0.810000 20.916478 
0.925000 20.903318 
0.935000 20.894941 
0.745000 20.471218 
0.750000 20.920268 
0.805000 20.891238 
0.740000 20.523940 
0.665000 20.551293 
1.770000 20.363750 
1.185000 20.313758 
1.220000 20.271175 
1.160000 20.220192 
0.835000 20.285478 
0.820000 20.304748 
0.840000 20.324366 
0.815000 20.339701 
0.845000 20.366279 
0.830000 20.353691 
0.800000 20.366279 
0.790000 20.401669 
0.790000 20.383830 
0.780000 20.375817 
0.750000 20.423137 
0.775000 20.436562 
0.760000 20.434875 
0.750000 20.443337 
0.750000 20.450155 
0.775000 20.465654 
0.755000 20.465654 
0.770000 20.450155 
0.785000 20.434875 
0.795000 20.426478 
0.800000 20.445038 
0.770000 20.423137 
0.815000 20.441639 
0.825000 20.434875 
0.815000 20.426478 
0.875000 20.439944 
0.885000 20.393524 
0.875000 20.336617 
0.845000 20.018510 
0.830000 20.467389 
0.800000 20.470869 
0.820000 20.490211 
0.875000 20.441639 
0.910000 20.433190 
0.905000 20.438252 
0.690000 20.411525 
0.700000 20.411525 
0.705000 20.414830 
0.730000 20.396775 
0.710000 20.377415 
0.745000 20.363118 
0.770000 20.443337 
0.745000 20.446741 
0.815000 20.472613 
1.100000 20.465654 
0.845000 20.522623 
1.075000 20.608158 
1.005000 20.630134 
1.205000 20.159394 
1.160000 20.336617 
1.145000 20.526285 
1.155000 20.511711 
1.030000 20.493765 
1.140000 20.531801 
1.195000 20.524453 
1.160000 20.531801 
0.990000 21.057323 
0.830000 21.048387 
0.800000 21.039523 
0.805000 20.993438 
0.795000 21.010491 
0.830000 21.016236 
0.730000 20.996261 
0.855000 21.013360 
0.830000 21.022011 
0.785000 21.022011 
0.860000 21.051357 
0.710000 21.036585 
0.725000 21.069353 
0.735000 21.036585 
0.750000 21.075419 
0.770000 21.042470 
0.725000 21.022011 
0.740000 21.075419 
0.600000 20.881020 
0.605000 20.898966 
0.565000 20.886117 
0.590000 20.893808 
0.575000 20.881020 
0.615000 20.868380 
0.650000 20.893808 
0.635000 20.914588 
0.635000 20.941136 
0.880000 20.960113 
0.870000 20.922485 
0.880000 20.906749 
0.845000 20.838632 
0.760000 20.705330 
0.860000 20.436562 
0.715000 19.966905 
0.730000 20.943288 
0.640000 20.927887 
1.360000 20.748571 
0.905000 21.033655 
1.035000 20.786125 
0.820000 20.976759 
0.795000 20.954984 
0.715000 20.946200 
0.750000 20.942319 
0.980000 20.924071 
1.120000 20.782310 
0.935000 20.118976 
0.970000 19.999242 
0.845000 19.657334 
0.830000 19.678597 
1.030000 20.596122 
0.885000 20.591205 
0.765000 20.598237 
0.640000 21.143959 
0.625000 21.173513 
0.615000 21.140466 
0.660000 21.060918 
0.600000 21.156864 
0.530000 20.778139 
0.940000 20.093418 
1.010000 20.113295 
1.060000 20.117062 
0.955000 20.134820 
0.875000 20.165954 
0.815000 20.988822 
0.810000 20.987812 
0.745000 20.930758 
0.750000 20.935560 
0.630000 20.914588 
0.655000 20.894941 
0.715000 20.876554 
0.600000 20.908000 
0.615000 20.949120 
0.565000 20.956945 
0.660000 20.937487 
0.745000 20.942319 
0.955000 20.841080 
1.110000 20.819243 
0.980000 20.816844 
1.090000 20.814450 
1.270000 20.800195 
0.725000 20.753986 
0.790000 20.763072 
0.770000 20.790794 
0.735000 20.783797 
0.885000 20.781475 
0.930000 20.772234 
0.740000 20.758520 
0.760000 20.760793 
0.930000 20.756251 
1.085000 20.781475 
1.095000 20.760793 
1.100000 20.714016 
0.720000 20.646400 
0.760000 20.608158 
0.785000 20.596357 
0.720000 20.565499 
0.750000 20.539200 
0.830000 20.524453 
1.110000 20.865870 
1.065000 20.865870 
0.670000 20.302955 
0.695000 20.308883 
0.695000 20.247425 
0.675000 20.229194 
0.685000 20.537197 
0.625000 20.537197 
0.845000 20.232435 
0.770000 20.208906 
0.845000 20.184537 
0.890000 20.138663 
0.885000 20.130990 
0.845000 20.129717 
0.840000 20.122106 
0.720000 20.108291 
0.770000 20.115805 
0.775000 20.130990 
0.760000 20.169910 
0.785000 20.180528 
0.775000 20.200722 
0.925000 20.191252 
0.800000 20.208906 
0.870000 20.221299 
0.865000 20.240863 
1.010000 20.238046 
1.405000 20.259350 
0.970000 20.265102 
1.030000 20.279617 
0.755000 20.382223 
0.855000 20.403306 
0.780000 20.431508 
0.730000 20.453580 
0.795000 20.488438 
0.785000 20.508098 
0.885000 20.502701 
0.890000 20.506296 
0.830000 20.500908 
0.800000 20.535494 
0.940000 20.517154 
0.850000 20.520797 
0.895000 20.531801 
0.830000 20.509903 
0.985000 20.462190 
0.920000 20.469128 
0.965000 20.470869 
1.060000 20.451866 
0.780000 19.718643 
0.900000 21.042470 
0.860000 21.001931 
0.810000 21.004777 
0.830000 21.016236 
0.825000 21.016236 
0.960000 20.999092 
0.880000 21.001931 
0.895000 20.987812 
0.875000 20.993438 
0.795000 21.019120 
0.890000 20.979428 
0.905000 20.976647 
0.860000 21.016236 
0.900000 21.004777 
0.875000 20.999092 
0.915000 20.976647 
0.850000 20.973874 
0.850000 20.982215 
1.055000 20.860866 
1.005000 20.828894 
1.070000 20.853404 
1.030000 20.855886 
1.075000 20.855886 
0.900000 21.045424 
1.045000 21.036585 
1.030000 21.007630 
1.020000 20.976647 
1.080000 20.943827 
0.960000 21.010491 
0.920000 20.993438 
0.970000 21.013360 
1.055000 21.016236 
1.015000 20.979428 
0.925000 21.022011 
0.985000 21.007630 
1.025000 20.968349 
0.960000 21.023750 
0.810000 21.097167 
0.865000 21.068507 
0.960000 21.026886 
0.850000 20.979762 
0.880000 20.938452 
1.065000 20.896384 
0.920000 20.914588 
0.925000 20.909356 
0.940000 20.927781 
0.905000 20.925130 
0.965000 20.933103 
0.920000 20.938452 
1.080000 20.965597 
0.995000 20.971108 
0.925000 20.985010 
1.310000 21.030732 
0.740000 21.161594 
0.655000 21.195301 
0.825000 21.187989 
0.850000 21.189204 
0.805000 20.542546 
0.925000 20.604605 
0.945000 20.993889 
0.835000 20.965817 
0.935000 20.795484 
0.910000 20.800195 
0.980000 20.824058 
0.925000 20.831321 
0.895000 20.843534 
0.865000 20.865870 
0.805000 20.881020 
0.795000 20.896384 
0.915000 20.906749 
0.900000 20.933103 
0.785000 20.962851 
0.870000 20.965597 
0.865000 20.987812 
1.000000 21.004777 
0.915000 21.007630 
0.845000 21.042470 
0.885000 21.096919 
0.965000 21.066333 
1.035000 21.128392 
1.125000 21.160804 
0.970000 21.194214 
0.845000 21.228685 
0.890000 21.128392 
0.975000 21.264286 
1.015000 21.228685 
1.095000 21.264286 
1.005000 21.264286 
1.465000 21.228685 
0.795000 20.500908 
0.820000 20.508098 
0.785000 20.508098 
0.815000 20.511711 
0.775000 20.520797 
0.795000 20.531801 
0.840000 20.524453 
0.830000 20.471846 
0.990000 20.458738 
0.890000 20.504497 
0.910000 20.537345 
0.835000 20.535494 
0.860000 20.529959 
0.815000 20.546649 
0.790000 20.544782 
0.765000 20.490211 
0.730000 20.611724 
0.955000 20.973763 
0.895000 20.995922 
0.660000 20.859370 
0.960000 20.822322 
0.735000 20.794921 
1.025000 20.763254 
1.025000 20.951939 
0.985000 20.951939 
1.000000 20.922485 
1.090000 20.904149 
0.775000 20.930439 
0.790000 20.898966 
0.760000 20.807299 
1.050000 20.108291 
0.930000 20.445038 
0.880000 20.626105 
0.815000 20.742735 
0.850000 20.790794 
0.745000 20.783797 
0.715000 20.797837 
0.705000 20.809677 
0.735000 20.814450 
0.735000 20.828894 
0.660000 20.850928 
0.765000 20.838632 
0.630000 19.523395 
0.635000 19.979024 
0.665000 20.281080 
0.670000 20.470869 
0.640000 20.575048 
0.675000 20.624096 
0.680000 20.650505 
0.650000 20.640271 
0.735000 20.646400 
0.720000 20.646400 
0.765000 20.671265 
0.740000 20.673363 
0.615000 20.764898 
0.635000 20.790701 
0.625000 20.792387 
0.555000 20.819724 
0.605000 20.573132 
0.625000 20.600277 
0.645000 20.624096 
0.675000 20.648450 
0.730000 20.707495 
0.735000 20.804926 
0.705000 20.816844 
0.725000 20.831321 
0.725000 20.914588 
0.650000 20.799157 
0.675000 20.803410 
0.660000 20.821455 
0.585000 20.840688 
0.565000 20.859370 
0.585000 20.886628 
0.565000 20.915533 
0.510000 20.946200 
0.505000 20.945229 
0.515000 20.788177 
0.730000 20.165954 
0.830000 20.374222 
1.035000 20.508098 
1.070000 20.582749 
0.975000 20.469128 
0.925000 20.450155 
0.810000 20.586619 
0.915000 20.445038 
0.830000 20.644353 
0.810000 20.656691 
0.920000 20.681796 
0.870000 20.673363 
0.795000 20.807299 
0.915000 20.793137 
0.855000 20.809677 
0.915000 20.819243 
1.035000 20.816844 
0.945000 20.814450 
0.785000 20.802558 
0.915000 20.763072 
0.760000 20.779157 
0.715000 20.774537 
0.510000 20.667081 
0.575000 20.509903 
0.645000 20.188561 
0.740000 19.688217 
1.055000 19.734978 
0.770000 20.095883 
0.770000 20.300271 
0.835000 20.416486 
0.835000 20.463920 
0.970000 20.497330 
0.835000 20.800195 
0.860000 20.809677 
0.840000 20.812061 
0.880000 20.821648 
0.825000 20.804926 
0.980000 20.838632 
0.615000 19.044774 
0.535000 19.481260 
0.555000 19.751024 
0.550000 19.903083 
0.575000 19.977917 
0.620000 20.024270 
0.660000 20.003676 
0.810000 20.020810 
0.730000 20.055912 
0.755000 20.093418 
0.795000 20.119581 
0.805000 20.152873 
0.695000 20.528562 
0.755000 20.554677 
0.780000 20.596357 
0.770000 20.612121 
0.810000 20.618092 
0.775000 20.632154 
0.850000 20.653222 
0.860000 20.724972 
0.805000 20.724972 
0.870000 20.747222 
0.845000 20.756251 
0.800000 20.764898 
0.905000 20.814450 
0.910000 20.824058 
0.865000 20.828894 
0.860000 20.845993 
0.845000 20.820589 
0.820000 20.819724 
0.815000 20.838632 
0.770000 20.853404 
0.830000 20.865870 
0.795000 20.848458 
0.780000 20.592607 
0.740000 20.608158 
0.725000 20.645826 
0.830000 20.668167 
0.695000 20.694056 
0.695000 20.701789 
0.690000 20.722772 
0.810000 20.742735 
0.750000 20.767643 
0.715000 20.760793 
0.695000 20.759974 
0.720000 20.783983 
0.680000 20.841080 
0.690000 20.843534 
0.705000 20.860866 
0.710000 20.868380 
0.680000 20.863865 
0.640000 20.882037 
0.675000 20.909356 
0.705000 20.919846 
0.720000 20.927781 
0.640000 20.917214 
0.670000 20.908939 
0.680000 20.914588 
0.690000 20.938452 
0.635000 20.914588 
0.615000 20.881020 
0.620000 20.860866 
0.745000 20.421470 
0.700000 20.416486 
0.690000 20.458738 
0.695000 20.463920 
0.670000 20.470869 
0.640000 20.469128 
0.575000 20.455022 
0.600000 20.474360 
0.645000 20.450155 
0.720000 20.462190 
0.625000 20.472613 
0.610000 20.458738 
0.755000 20.458738 
0.780000 20.434875 
0.745000 20.490211 
0.730000 20.469128 
0.695000 20.511711 
0.750000 20.484902 
0.660000 20.472613 
0.655000 20.462190 
0.710000 20.480040 
0.865000 20.506296 
0.925000 20.493765 
0.745000 20.479618 
0.730000 20.504497 
0.690000 20.526285 
0.710000 20.616736 
0.710000 20.694826 
0.585000 20.729386 
0.600000 20.722772 
0.615000 20.749472 
0.580000 20.774537 
0.560000 20.738891 
0.575000 20.676476 
0.565000 20.671265 
0.555000 20.688164 
0.570000 20.722772 
0.565000 20.703169 
1.035000 20.953026 
0.875000 20.933637 
0.785000 20.868380 
0.820000 20.905188 
1.285000 20.850928 
1.085000 20.853404 
0.770000 20.845993 
0.855000 20.858373 
0.740000 20.858373 
0.700000 20.843534 
0.710000 20.863365 
0.795000 20.870896 
0.755000 20.881020 
0.695000 20.886117 
0.670000 20.853404 
0.710000 20.893808 
0.705000 20.909356 
0.705000 20.904149 
0.790000 20.891238 
0.780000 20.888675 
0.725000 20.917214 
0.705000 20.960113 
0.760000 20.946524 
0.790000 20.933103 
0.840000 20.973874 
0.770000 20.982215 
0.715000 20.976647 
0.790000 20.993438 
0.765000 21.024910 
0.710000 21.030732 
0.755000 21.024910 
0.740000 21.033655 
0.765000 21.054336 
0.755000 21.036585 
0.795000 21.033655 
0.840000 21.036585 
0.900000 21.072382 
0.880000 21.036585 
0.955000 21.024910 
0.940000 21.069353 
0.855000 21.057323 
0.845000 21.036585 
0.675000 20.717422 
0.700000 20.730093 
0.690000 20.746143 
0.755000 20.732486 
0.555000 20.876554 
0.520000 20.849544 
0.495000 20.874732 
0.785000 20.795766 
0.805000 20.811107 
0.970000 20.869285 
0.830000 20.892163 
0.955000 20.936523 
0.970000 20.957927 
0.840000 20.935560 
0.840000 20.942319 
0.750000 20.965817 
0.730000 20.985794 
0.605000 20.987812 
0.690000 20.970776 
0.640000 21.019120 
0.740000 21.022011 
0.880000 21.010491 
0.760000 20.985010 
0.690000 20.938452 
0.655000 20.960113 
0.775000 20.956945 
0.730000 20.928843 
0.755000 20.927781 
0.760000 20.933103 
0.760000 20.911969 
0.850000 20.906749 
0.775000 20.861166 
0.740000 20.846880 
0.710000 20.855886 
0.745000 20.878480 
0.785000 20.891238 
0.800000 20.893808 
0.775000 20.937487 
0.815000 20.985794 
0.730000 20.706455 
0.785000 20.713493 
0.800000 20.710359 
0.745000 20.728501 
0.675000 20.763072 
0.735000 20.760793 
0.800000 20.679682 
0.785000 20.703169 
0.755000 20.660835 
0.790000 20.686037 
0.785000 20.692516 
0.690000 20.694056 
0.785000 20.819243 
0.820000 20.765355 
0.825000 20.726912 
1.045000 20.763072 
0.870000 20.731599 
0.870000 20.742735 
1.025000 20.707495 
0.830000 20.672691 
0.985000 20.669171 
0.950000 20.703169 
1.005000 20.679682 
1.100000 20.714016 
1.025000 20.675465 
1.125000 20.658761 
1.155000 20.614108 
1.055000 20.541057 
1.005000 20.708796 
0.955000 20.646400 
0.890000 20.670427 
0.620000 20.564891 
0.810000 20.574511 
0.895000 20.589804 
0.890000 20.619610 
0.945000 20.636205 
0.860000 20.616098 
0.945000 20.632639 
0.910000 20.682558 
0.860000 20.740499 
0.655000 20.740499 
0.710000 20.747222 
0.765000 20.714016 
0.695000 20.683914 
0.715000 20.714016 
0.765000 20.634096 
0.705000 20.631911 
0.845000 20.612121 
0.955000 20.590504 
1.030000 20.640271 
0.850000 20.624096 
0.745000 20.639945 
0.860000 20.649518 
1.000000 20.634177 
0.925000 20.656691 
0.835000 20.667081 
0.765000 20.686037 
0.775000 20.698689 
0.755000 20.699463 
0.730000 20.646400 
0.755000 20.675465 
0.965000 20.720576 
0.820000 20.694569 
0.835000 20.641413 
0.825000 20.589804 
0.910000 20.554150 
0.875000 20.550393 
0.895000 20.508098 
0.820000 20.513522 
0.820000 20.488934 
0.765000 20.480040 
0.775000 20.504497 
0.825000 20.506296 
0.870000 20.495546 
0.760000 20.504497 
0.755000 20.494691 
0.835000 20.479407 
0.755000 20.476110 
0.790000 20.490211 
0.865000 20.476110 
0.885000 20.495546 
0.845000 20.505000 
0.775000 20.620330 
0.825000 20.623213 
0.830000 20.614108 
0.940000 20.646400 
0.945000 20.632154 
0.970000 20.628117 
0.880000 20.619610 
0.950000 20.594402 
0.930000 20.594402 
0.885000 20.557920 
0.905000 20.569309 
0.870000 20.565499 
0.905000 20.544558 
0.960000 20.548519 
0.885000 20.640679 
0.970000 20.369449 
0.855000 20.383830 
0.920000 20.364697 
0.845000 20.424806 
0.850000 20.390283 
0.875000 20.395148 
0.855000 20.286419 
0.790000 20.304030 
0.880000 20.396775 
0.960000 20.372628 
0.870000 20.363118 
0.825000 20.332006 
0.775000 20.337911 
0.725000 20.290131 
0.795000 20.300271 
0.695000 20.278157 
0.700000 20.256485 
0.790000 20.222685 
0.750000 20.242273 
0.665000 20.774814 
0.670000 20.938452 
0.680000 20.897726 
0.675000 20.878480 
0.720000 20.886117 
0.615000 20.875946 
0.670000 20.860866 
0.700000 20.860267 
0.765000 20.838925 
0.720000 20.826473 
0.770000 20.779157 
0.740000 20.765355 
0.735000 20.786125 
0.740000 20.766545 
0.690000 20.773155 
0.730000 20.753444 
0.685000 20.758338 
0.880000 20.711838 
0.920000 20.720576 
0.915000 20.740499 
0.920000 20.779157 
0.910000 20.774537 
0.850000 20.781475 
0.880000 20.804926 
0.960000 20.788457 
0.975000 20.781475 
0.785000 20.727177 
0.825000 20.738267 
0.825000 20.722772 
0.675000 20.689442 
0.635000 20.704120 
0.830000 20.720576 
0.810000 20.722157 
0.795000 20.742735 
0.735000 20.756251 
0.795000 20.740499 
0.835000 20.738267 
1.205000 19.837929 
1.020000 19.852030 
1.035000 20.781475 
1.230000 20.764898 
0.595000 20.748571 
0.580000 20.670427 
0.535000 20.428152 
0.550000 20.476250 
0.555000 20.454404 
0.540000 20.503060 
0.860000 20.931717 
0.880000 20.930758 
0.970000 20.771498 
0.885000 20.833655 
0.840000 20.869285 
0.720000 20.694056 
0.740000 20.694826 
0.810000 20.798308 
0.890000 20.971771 
0.845000 20.951071 
0.610000 20.796613 
0.610000 20.838925 
0.625000 20.861166 
0.590000 20.877466 
0.770000 20.697142 
0.765000 20.716635 
0.700000 20.715849 
0.700000 20.722157 
0.825000 21.117462 
0.910000 21.089376 
0.820000 21.052309 
0.910000 21.051238 
0.690000 20.948146 
0.705000 20.972767 
0.725000 20.989834 
0.680000 21.010262 
0.595000 21.042706 
0.645000 21.038465 
0.920000 20.591205 
0.870000 20.737286 
0.845000 20.928843 
0.835000 21.046964 
0.660000 20.916478 
0.610000 21.050168 
0.615000 21.115188 
0.630000 21.154506 
0.855000 20.174357 
0.930000 20.217704 
0.880000 20.262855 
0.820000 20.299199 
0.805000 20.317565 
0.820000 20.367166 
0.820000 20.404879 
0.860000 20.422137 
0.810000 20.432382 
0.750000 20.438455 
0.765000 20.422137 
0.775000 20.429963 
0.800000 20.456259 
0.810000 20.487022 
0.850000 20.519994 
0.845000 20.541206 
0.665000 20.956945 
0.735000 20.938452 
0.580000 20.388472 
0.625000 20.423938 
0.615000 20.417946 
0.595000 20.443337 
0.555000 20.466209 
0.565000 20.481940 
0.675000 20.186842 
0.645000 20.211264 
0.615000 20.213242 
0.620000 20.225684 
0.915000 20.112192 
0.905000 20.134974 
0.895000 20.213242 
0.825000 20.236247 
0.660000 20.640679 
0.615000 20.665162 
0.635000 20.656195 
0.635000 20.618172 
0.675000 20.526579 
0.700000 20.542546 
0.765000 20.625381 
0.695000 20.644353 
0.650000 20.889392 
0.635000 20.857577 
0.850000 20.718998 
0.850000 20.737286 
0.910000 20.718998 
0.995000 20.749382 
0.845000 20.670427 
0.925000 20.722157 
0.720000 20.594012 
0.665000 20.632639 
0.715000 20.722948 
0.715000 20.765721 
0.550000 20.607447 
0.605000 20.601062 
0.615000 19.854872 
0.635000 20.080642 
0.635000 20.350192 
0.585000 20.674960 
0.605000 20.800856 
0.475000 20.937487 
0.485000 20.301880 
0.800000 21.119741 
0.765000 21.099404 
0.765000 21.068507 
0.845000 21.034240 
0.815000 20.986802 
0.845000 20.967798 
0.805000 20.974761 
0.740000 20.976759 
0.805000 20.953026 
0.705000 20.927887 
0.750000 20.922168 
0.775000 20.901451 
0.760000 20.864767 
0.760000 20.845993 
0.805000 20.604605 
0.725000 21.042706 
0.625000 21.058759 
0.650000 20.928843 
0.685000 20.811965 
0.480000 21.241509 
0.530000 21.255635 
0.730000 20.066284 
0.665000 20.098304 
0.675000 20.127631 
0.670000 20.165323 
0.620000 20.196545 
0.595000 20.234732 
0.845000 20.715849 
0.840000 20.708796 
0.870000 20.688675 
0.890000 20.702565 
0.955000 20.703342 
0.925000 20.701789 
0.470000 20.495546 
0.485000 20.426478 
0.500000 20.262222 
0.510000 19.943066 
0.475000 19.420642 
0.945000 20.779157 
0.945000 20.760793 
0.855000 20.760793 
0.880000 20.774537 
0.810000 20.788457 
0.900000 20.802558 
0.940000 20.816844 
1.010000 20.824058 
0.950000 20.826473 
0.915000 20.821648 
1.025000 20.814450 
0.980000 20.809677 
0.980000 20.774537 
0.900000 20.765355 
0.855000 20.675465 
0.475000 20.592451 
0.485000 20.546649 
0.505000 20.476110 
0.535000 20.327415 
0.535000 20.038219 
1.150000 20.896384 
0.815000 20.749472 
0.810000 20.720576 
0.785000 20.714016 
0.805000 20.705330 
0.775000 20.711838 
0.765000 20.709664 
0.715000 20.738267 
0.730000 20.727177 
0.760000 20.736040 
0.765000 20.731599 
0.755000 20.729386 
0.735000 20.749472 
0.660000 20.767643 
0.735000 20.776845 
0.740000 20.772234 
0.860000 20.788457 
0.615000 20.575048 
0.665000 20.400035 
0.670000 20.141233 
0.845000 20.906124 
0.775000 20.954984 
0.755000 20.984786 
0.805000 20.995922 
0.800000 21.006146 
0.695000 21.036350 
0.635000 21.053382 
0.640000 21.046964 
0.595000 21.066333 
0.565000 21.110655 
0.800000 21.123168 
0.900000 21.093822 
0.775000 21.013360 
0.565000 21.021664 
0.555000 21.035295 
0.580000 21.046964 
0.720000 21.045898 
0.600000 21.039523 
0.555000 21.038465 
0.545000 21.073960 
0.480000 21.141629 
0.460000 21.105015 
0.580000 21.034240 
0.720000 21.022706 
0.830000 20.954984 
0.925000 20.951071 
0.905000 20.911760 
1.060000 20.885708 
1.090000 20.758338 
1.060000 20.053821 
0.770000 20.342918 
0.780000 20.379207 
0.740000 20.413176 
0.800000 20.420339 
0.880000 20.454404 
0.835000 20.474990 
0.850000 20.495974 
1.030000 20.538532 
1.035000 20.601062 
0.985000 20.664412 
0.905000 20.704898 
0.885000 20.758338 
0.950000 20.821455 
0.895000 20.878378 
0.895000 20.853107 
0.930000 20.859370 
0.860000 20.908939 
0.850000 20.820589 
0.795000 20.760793 
0.800000 20.831029 
0.875000 20.796613 
0.730000 20.797460 
0.710000 20.822322 
0.805000 20.823190 
0.910000 20.745335 
1.020000 20.736485 
1.005000 20.811965 
0.760000 20.847767 
0.825000 20.853999 
0.815000 20.802558 
0.640000 20.802558 
0.610000 20.811965 
0.600000 20.908939 
0.800000 19.923522 
0.785000 19.984311 
0.830000 20.057674 
0.890000 20.160598 
0.855000 20.282720 
0.695000 20.450702 
0.710000 20.690210 
0.675000 21.002045 
0.610000 21.355761 
0.620000 21.336097 
0.730000 21.355761 
0.675000 21.354345 
0.665000 21.334706 
0.620000 21.238961 
0.910000 20.492768 
0.910000 20.495332 
1.070000 20.486386 
0.985000 20.140513 
1.020000 20.688675 
0.985000 20.690978 
1.005000 20.707235 
1.050000 20.698689 
0.920000 20.738089 
0.930000 20.726118 
0.920000 20.700238 
0.920000 20.715063 
0.895000 20.727706 
0.945000 20.696370 
0.880000 20.677993 
0.890000 20.668167 
0.940000 20.656195 
0.850000 20.645089 
0.850000 20.447014 
0.920000 20.447014 
0.980000 20.044038 
0.895000 20.781475 
0.895000 20.868380 
0.965000 20.789859 
0.870000 20.859370 
0.935000 20.806824 
1.075000 20.824058 
1.380000 20.781475 
0.935000 20.753444 
0.645000 20.687143 
0.720000 20.350753 
0.695000 20.993889 
0.730000 20.984786 
0.670000 20.986802 
0.795000 20.872005 
0.865000 21.118601 
0.900000 21.125458 
0.920000 21.153329 
0.880000 21.136984 
0.705000 21.177114 
0.860000 21.084949 
0.830000 21.076149 
0.860000 21.055530 
0.810000 21.044833 
0.680000 20.926932 
0.690000 20.967798 
0.760000 20.901451 
0.710000 20.866572 
0.710000 20.839806 
0.720000 20.826667 
0.755000 20.811965 
0.790000 20.845993 
0.775000 20.851324 
0.715000 20.823190 
0.690000 20.841570 
0.645000 20.791543 
0.850000 20.877466 
1.030000 20.863865 
0.970000 20.888470 
1.040000 20.908000 
1.110000 20.929800 
0.970000 20.864767 
1.010000 21.347290 
0.850000 21.344481 
0.860000 21.326396 
0.805000 21.338884 
0.790000 21.333316 
0.775000 21.327777 
0.805000 21.316782 
0.760000 21.312687 
0.785000 21.383032 
0.800000 21.375788 
0.670000 21.340281 
0.690000 21.370029 
0.700000 21.383032 
0.680000 21.391788 
0.725000 21.380129 
0.700000 21.072867 
0.965000 21.222538 
0.990000 21.238961 
0.750000 21.264721 
0.700000 21.269947 
0.705000 21.262117 
0.755000 21.254343 
0.790000 21.260817 
0.725000 21.273883 
0.805000 21.253053 
0.870000 21.220034 
0.815000 21.203893 
0.785000 20.918372 
0.630000 21.197613 
0.675000 21.204441 
0.765000 21.187450 
0.775000 21.147723 
0.675000 21.221703 
0.825000 20.878480 
0.785000 20.865870 
0.750000 20.881020 
0.850000 20.904149 
0.805000 20.909356 
0.740000 20.891238 
0.905000 20.707495 
0.950000 20.294329 
0.970000 19.665570 
0.915000 20.917214 
0.930000 20.973874 
0.955000 20.951939 
0.900000 20.965597 
0.755000 20.996261 
0.765000 21.013360 
0.685000 20.999092 
0.980000 20.946524 
1.110000 20.951939 
0.875000 20.914588 
0.995000 20.828894 
0.880000 20.604210 
1.125000 21.180727 
1.075000 21.044833 
0.750000 21.044833 
0.805000 21.230087 
0.905000 21.506561 
0.745000 21.419656 
0.855000 21.036585 
0.845000 21.066333 
0.895000 21.066333 
0.865000 21.462239 
0.885000 21.506561 
1.330000 21.128392 
0.925000 21.552770 
0.835000 21.506561 
0.725000 21.301094 
0.745000 20.662913 
0.710000 20.683914 
0.750000 20.679513 
0.595000 20.951939 
0.705000 20.394888 
0.645000 20.445174 
0.725000 20.424806 
0.730000 20.387052 
0.660000 20.307743 
0.620000 20.148979 
0.615000 19.902050 
0.610000 20.098749 
0.570000 19.458442 
1.035000 20.681796 
0.715000 20.154956 
0.735000 19.932655 
0.720000 20.544558 
0.700000 20.569003 
0.690000 20.564207 
0.605000 20.474360 
0.935000 20.375817 
0.805000 20.445787 
0.790000 20.451318 
0.930000 20.476881 
0.930000 20.433594 
1.155000 20.693285 
0.730000 20.627554 
0.720000 20.580741 
0.740000 20.418145 
0.785000 20.831321 
0.575000 20.217153 
0.545000 19.751922 
0.545000 19.167163 
0.530000 20.740499 
0.555000 20.727177 
0.490000 20.660835 
0.480000 20.664995 
0.485000 20.644353 
0.495000 20.662913 
0.515000 20.673363 
0.525000 20.705330 
0.850000 20.738267 
0.460000 20.742735 
0.485000 20.800195 
0.485000 20.790794 
0.465000 20.812061 
0.430000 20.819243 
0.415000 20.848458 
0.440000 20.848458 
0.430000 20.855886 
0.430000 20.843534 
0.495000 20.863365 
0.455000 20.865870 
0.500000 20.868380 
0.455000 20.809677 
0.445000 20.681796 
0.455000 20.479618 
0.715000 20.741303 
0.980000 20.785659 
0.910000 20.742914 
0.620000 20.855886 
0.740000 20.843534 
0.630000 20.855886 
0.630000 20.830155 
0.605000 20.828410 
0.600000 20.843337 
0.530000 20.876554 
0.515000 20.853999 
0.550000 20.894941 
0.645000 20.868380 
0.530000 20.951939 
0.515000 20.973874 
0.505000 20.996261 
0.505000 20.987812 
0.565000 21.013360 
0.635000 20.982215 
0.595000 20.965597 
0.575000 20.941136 
0.555000 20.949228 
0.535000 20.971108 
0.535000 20.922485 
0.550000 20.935774 
0.525000 20.873418 
0.540000 20.776845 
0.585000 20.567402 
0.980000 21.039523 
0.835000 21.027817 
0.890000 21.024910 
0.860000 21.039523 
1.180000 20.845993 
1.000000 20.851324 
0.805000 20.830155 
0.710000 19.987522 
1.055000 20.845993 
1.020000 20.722772 
0.960000 20.504497 
1.050000 20.009357 
0.755000 20.842453 
0.750000 20.844222 
0.785000 20.821455 
0.695000 20.844222 
0.690000 20.863865 
0.675000 20.841570 
0.615000 20.863865 
0.740000 20.892163 
0.675000 20.917425 
0.680000 20.900518 
0.660000 20.954657 
0.740000 20.951939 
0.675000 20.949228 
0.700000 20.938452 
0.680000 20.954657 
0.645000 20.976647 
0.660000 20.951939 
0.685000 20.951939 
0.685000 20.946524 
0.650000 20.870896 
0.675000 20.883565 
0.795000 20.873418 
0.685000 20.873418 
0.795000 20.308343 
0.715000 20.886628 
0.725000 20.894014 
0.660000 20.851324 
0.680000 20.830155 
0.680000 20.864767 
0.690000 20.863865 
0.620000 20.840688 
0.625000 20.837166 
0.620000 20.843337 
0.650000 20.851324 
0.675000 20.879292 
0.675000 20.898656 
0.705000 20.931717 
0.750000 20.953026 
0.715000 20.933103 
0.715000 20.951939 
0.720000 20.971108 
0.685000 20.930439 
0.695000 20.873418 
0.665000 20.722772 
0.695000 20.528121 
0.685000 20.155477 
0.720000 19.672231 
1.030000 20.633367 
0.965000 20.626105 
0.830000 20.630134 
0.810000 20.648450 
0.820000 20.620090 
0.815000 20.644353 
0.830000 20.656691 
0.770000 20.652563 
0.760000 20.632154 
0.765000 20.658761 
0.745000 20.675465 
0.760000 20.669171 
0.750000 20.694569 
0.775000 20.727177 
0.770000 20.738267 
0.735000 20.736040 
0.725000 20.714016 
0.725000 20.707495 
0.740000 20.720576 
0.705000 20.742735 
0.695000 20.758520 
0.735000 20.797837 
0.690000 20.838632 
0.730000 20.850928 
0.705000 20.824058 
0.750000 20.731599 
0.790000 20.788457 
0.800000 20.833752 
0.720000 20.836189 
0.700000 20.828894 
0.740000 20.836189 
0.790000 20.868380 
0.890000 20.809677 
0.810000 20.819243 
0.940000 20.819243 
1.110000 20.873418 
1.040000 20.878480 
1.085000 20.883565 
1.100000 20.898966 
0.875000 21.087653 
0.895000 21.075419 
0.870000 21.075419 
0.840000 21.063321 
0.940000 21.100026 
0.860000 21.033655 
0.790000 21.007630 
0.815000 21.013360 
0.845000 21.026886 
0.835000 21.023750 
0.835000 20.981769 
0.985000 20.582826 
0.715000 20.985794 
0.695000 21.000000 
0.645000 20.950095 
0.650000 20.558751 
0.700000 20.960879 
0.740000 20.958910 
0.630000 20.943288 
0.630000 20.968790 
0.670000 20.994905 
0.690000 21.003068 
0.720000 20.952048 
0.690000 20.921218 
0.665000 20.664412 
0.660000 19.668063 
0.960000 20.994905 
0.830000 21.024794 
0.930000 21.058759 
1.030000 21.055530 
0.980000 21.082743 
1.145000 21.053382 
1.010000 21.014394 
0.935000 21.024794 
1.055000 21.008202 
0.945000 20.947173 
0.845000 20.664412 
0.955000 19.442023 
0.645000 21.004093 
0.655000 21.000000 
0.640000 21.005119 
0.560000 20.970776 
0.585000 20.958910 
0.695000 20.977759 
0.605000 20.974761 
0.735000 20.982774 
0.715000 20.962851 
0.765000 20.966807 
0.810000 20.975759 
0.775000 20.974761 
0.815000 20.658761 
0.755000 20.358394 
0.655000 19.848684 
0.650000 21.016466 
0.630000 20.908000 
1.035000 20.854892 
0.895000 20.834531 
0.870000 20.848655 
0.760000 20.853999 
0.760000 20.859370 
0.980000 20.861166 
0.710000 20.920268 
0.695000 20.585612 
0.570000 20.794075 
0.580000 20.836287 
0.505000 20.856681 
0.485000 20.892163 
0.495000 20.884789 
0.475000 20.866572 
0.465000 20.884789 
0.610000 20.894014 
0.585000 20.882037 
0.575000 20.900518 
0.635000 20.924071 
0.605000 20.941351 
0.670000 20.987812 
0.665000 21.004093 
0.590000 21.080540 
0.530000 21.114053 
0.685000 21.070685 
0.675000 20.817131 
0.695000 20.923119 
0.765000 20.939417 
0.775000 20.964827 
0.770000 21.009232 
0.805000 21.019582 
0.815000 21.041644 
0.615000 21.054455 
0.775000 21.077245 
0.875000 21.080540 
0.935000 21.086054 
0.835000 21.139304 
0.830000 21.127754 
0.810000 21.171118 
0.680000 21.159226 
0.615000 21.197749 
0.655000 21.203893 
0.775000 21.208834 
0.730000 21.215042 
0.675000 21.216288 
0.650000 21.192858 
0.655000 21.183142 
0.695000 21.069595 
0.680000 20.812061 
0.670000 20.428152 
0.895000 20.920268 
0.935000 20.935560 
0.920000 20.941351 
0.975000 20.941351 
0.900000 20.960879 
0.950000 20.955964 
0.875000 20.972767 
0.900000 20.970776 
0.880000 20.962851 
0.795000 20.985794 
0.750000 20.983779 
0.790000 21.005119 
0.885000 20.981769 
0.825000 21.021664 
0.820000 21.021664 
0.870000 21.035295 
0.830000 21.048031 
0.815000 21.059838 
0.880000 21.041644 
0.950000 21.017504 
0.925000 21.028982 
0.935000 20.828410 
0.690000 20.956945 
0.640000 20.951071 
0.635000 20.953026 
0.660000 20.969783 
0.650000 20.994905 
0.735000 21.001022 
0.710000 21.020622 
0.720000 21.036350 
0.660000 21.063081 
0.655000 21.089376 
0.715000 21.116325 
0.805000 21.130054 
0.890000 21.149806 
0.670000 21.146294 
0.665000 21.130054 
0.640000 21.090486 
0.855000 21.073960 
0.715000 20.914588 
0.700000 20.546574 
0.740000 20.564207 
0.865000 20.561475 
0.610000 20.543216 
0.625000 20.494050 
0.705000 20.171496 
0.710000 18.964500 
0.675000 20.874732 
0.630000 20.890315 
0.695000 20.892163 
0.700000 20.878378 
0.670000 20.786497 
0.680000 20.315932 
0.745000 20.825797 
0.705000 20.824927 
0.815000 20.159394 
0.605000 20.537345 
0.740000 20.203444 
0.965000 20.905188 
0.820000 20.905188 
0.805000 20.824058 
0.990000 20.740499 
0.935000 20.859370 
0.805000 20.789859 
0.830000 20.832779 
0.855000 20.740499 
0.860000 20.724532 
0.815000 20.824058 
0.755000 20.740499 
0.765000 20.790794 
0.705000 20.807299 
0.905000 20.893808 
0.770000 20.933103 
0.730000 20.922485 
0.635000 20.925130 
0.600000 20.925130 
0.605000 20.917214 
0.640000 20.906749 
0.560000 20.909356 
0.635000 20.896384 
0.755000 20.922485 
0.820000 20.911969 
0.765000 20.917214 
0.765000 20.906749 
0.865000 20.917214 
0.840000 20.891238 
0.855000 20.901554 
0.815000 20.888675 
1.105000 20.886117 
0.985000 20.888675 
0.880000 20.911969 
0.955000 20.925130 
0.790000 20.935774 
0.820000 20.917214 
0.770000 20.957382 
0.775000 20.707495 
0.755000 20.731599 
0.710000 20.740499 
0.640000 20.772234 
0.655000 20.749472 
0.650000 20.731599 
0.670000 20.786125 
0.625000 20.731599 
0.645000 20.744976 
0.685000 20.727177 
0.605000 20.729386 
0.645000 20.720576 
0.625000 20.736040 
0.590000 20.731599 
0.585000 20.740499 
0.710000 20.740499 
0.620000 20.738267 
0.625000 20.722772 
0.695000 20.731599 
0.625000 20.711838 
0.565000 20.703169 
0.555000 20.873418 
0.585000 20.845993 
0.560000 20.873418 
0.550000 20.853404 
0.515000 20.836189 
0.545000 20.833752 
0.640000 20.171231 
0.700000 20.809677 
0.705000 20.772234 
0.590000 20.718385 
