#seeing (''), sky brightness (mag) 
0.765000 19.727361 
1.355000 21.183285 
0.990000 21.570540 
1.025000 21.593890 
0.945000 21.587167 
0.960000 21.637463 
0.975000 21.656346 
0.990000 21.565054 
1.100000 21.525295 
1.090000 21.544455 
1.135000 21.556333 
1.035000 21.521082 
0.935000 21.547682 
0.840000 21.528465 
0.820000 21.498202 
0.845000 21.539099 
0.855000 21.562867 
0.920000 21.505430 
1.020000 21.499232 
0.890000 21.476802 
0.880000 21.521082 
0.975000 21.557419 
0.960000 21.556333 
0.965000 21.010651 
0.885000 21.017900 
0.885000 21.012623 
0.905000 21.015918 
0.900000 21.009338 
0.800000 21.508542 
0.780000 21.527407 
0.805000 21.555248 
0.815000 21.556333 
0.810000 21.562867 
0.865000 21.597267 
0.825000 21.596141 
0.820000 21.615458 
0.895000 21.583822 
0.685000 21.574949 
0.925000 21.397062 
0.920000 21.391451 
0.905000 21.384014 
0.955000 21.390518 
0.975000 21.364732 
1.015000 21.390518 
0.835000 21.288308 
0.820000 21.301107 
0.865000 21.335993 
0.890000 21.318410 
0.885000 21.352065 
0.940000 21.191013 
0.855000 21.183285 
0.745000 21.367466 
0.815000 21.372037 
0.920000 21.386797 
0.790000 21.400819 
0.890000 21.413119 
0.870000 21.420758 
0.885000 21.438146 
0.790000 21.453839 
0.870000 21.457798 
0.930000 21.455817 
0.940000 21.444004 
0.755000 21.411218 
0.860000 21.387726 
0.805000 21.361098 
0.885000 21.344892 
0.900000 21.328925 
0.775000 21.286613 
0.775000 21.325409 
0.830000 21.369292 
0.730000 21.384941 
0.740000 21.387726 
0.775000 21.382163 
0.845000 21.353865 
0.860000 21.320155 
0.970000 21.293410 
1.220000 20.999542 
1.225000 20.986616 
1.245000 21.006063 
0.975000 21.459783 
0.820000 21.433288 
0.895000 21.431351 
0.790000 21.441071 
0.910000 21.449894 
1.360000 21.367466 
1.405000 21.385868 
1.085000 21.405533 
0.910000 21.410268 
1.015000 21.421717 
0.955000 21.424598 
0.850000 21.427487 
0.825000 21.383088 
0.860000 21.378470 
0.780000 21.372037 
0.875000 21.350267 
0.925000 21.319282 
0.755000 21.238571 
0.780000 21.681639 
0.780000 21.682858 
0.775000 21.698834 
0.780000 21.721350 
0.760000 21.761257 
0.730000 21.766515 
0.715000 21.790495 
0.665000 21.808150 
0.660000 21.840106 
0.665000 21.868680 
0.830000 21.491022 
0.860000 21.472774 
0.850000 21.470765 
0.860000 21.471769 
0.905000 21.467759 
0.970000 21.653968 
0.965000 21.673142 
0.960000 21.690202 
0.955000 21.697597 
0.885000 21.710034 
0.930000 21.723881 
1.040000 21.731509 
0.945000 21.734064 
0.910000 21.728961 
0.845000 21.732786 
1.110000 21.567245 
0.905000 21.640979 
0.915000 21.662315 
0.915000 21.680421 
0.910000 21.684079 
0.930000 21.680421 
1.330000 21.600655 
0.910000 21.674352 
0.860000 21.739191 
0.860000 21.736625 
0.860000 21.579376 
0.875000 21.852871 
0.875000 21.850022 
0.930000 21.844345 
0.975000 21.823316 
1.040000 21.763883 
1.120000 21.743053 
1.100000 21.606325 
0.910000 21.782443 
0.800000 21.771798 
0.780000 21.777108 
0.835000 21.778439 
0.885000 21.765198 
0.885000 21.721350 
0.955000 21.690202 
0.830000 21.663513 
0.800000 21.631629 
0.925000 21.609741 
0.875000 21.578268 
0.940000 21.828884 
0.880000 21.855729 
0.890000 21.828884 
0.880000 21.785121 
0.875000 21.793193 
0.870000 21.773123 
0.955000 21.831679 
1.060000 21.880323 
0.970000 21.883254 
1.015000 21.842930 
0.930000 21.905488 
1.125000 21.916022 
0.840000 21.301965 
0.855000 21.314058 
0.890000 21.301107 
0.870000 21.330688 
0.905000 21.276497 
0.840000 20.583418 
1.025000 21.928187 
0.895000 21.902497 
0.890000 21.895055 
1.065000 21.858593 
0.945000 21.809520 
0.875000 21.691431 
0.885000 21.728961 
0.885000 21.761257 
0.855000 21.808150 
0.940000 21.385868 
0.815000 21.515840 
0.860000 21.503360 
0.860000 21.490000 
0.870000 21.482874 
0.805000 21.395188 
0.965000 21.581597 
0.920000 21.567245 
0.900000 21.557419 
0.930000 21.535898 
0.900000 21.531644 
0.850000 21.531644 
0.915000 21.710034 
0.955000 21.712538 
0.835000 21.679204 
1.040000 21.681639 
0.865000 21.605188 
0.820000 21.621206 
0.800000 21.628143 
0.885000 21.632793 
0.965000 21.635126 
0.940000 21.508542 
0.770000 21.528465 
0.760000 21.549838 
0.855000 21.573845 
0.980000 21.583822 
1.035000 21.593890 
0.770000 21.368378 
0.860000 21.366554 
0.880000 21.361098 
0.945000 21.324531 
0.995000 21.250793 
0.825000 21.418843 
0.830000 21.350267 
0.855000 21.328925 
0.955000 21.335993 
0.925000 21.343107 
1.030000 21.357476 
1.090000 21.381238 
0.870000 21.367466 
0.725000 21.420758 
0.730000 21.419800 
1.445000 21.385868 
1.330000 21.404588 
1.325000 21.385868 
1.350000 21.331570 
0.810000 21.707535 
0.770000 21.702555 
0.735000 21.700073 
0.770000 21.710034 
0.770000 21.722615 
0.715000 21.756025 
0.775000 21.748223 
0.790000 21.752117 
0.860000 21.732786 
0.825000 21.770475 
0.905000 21.791843 
0.950000 21.773123 
0.875000 21.787805 
0.870000 21.731509 
0.725000 21.851446 
0.780000 21.850022 
0.720000 21.821929 
0.875000 21.810892 
0.990000 21.720087 
0.975000 21.720087 
0.945000 21.670727 
0.925000 21.732786 
0.825000 21.791843 
0.880000 21.797252 
0.915000 21.769154 
0.840000 21.797252 
0.870000 21.799966 
0.940000 21.810892 
1.170000 21.589404 
1.400000 21.635126 
0.860000 21.728961 
0.820000 21.740477 
0.865000 21.739191 
0.905000 21.750817 
0.975000 21.728961 
0.970000 21.759947 
1.375000 21.534833 
0.945000 21.461771 
1.020000 21.474786 
0.855000 21.664712 
1.045000 21.662315 
0.875000 21.663513 
0.920000 21.612024 
0.875000 21.577161 
0.920000 21.554164 
0.825000 21.550918 
1.045000 21.540168 
0.995000 21.527407 
0.980000 21.523186 
0.990000 21.507504 
1.050000 21.511664 
0.970000 21.502326 
0.720000 20.908543 
0.745000 20.909142 
0.735000 20.896651 
0.730000 20.902581 
0.730000 20.896651 
0.885000 21.816396 
0.895000 21.819159 
0.905000 21.821929 
0.980000 21.798608 
1.040000 21.779772 
0.900000 20.533191 
0.790000 21.617754 
0.820000 21.599525 
0.880000 21.578268 
0.990000 21.599525 
0.715000 21.597267 
0.710000 21.642153 
0.695000 21.623513 
0.685000 21.644506 
0.735000 21.646864 
0.690000 21.548759 
0.705000 21.551999 
0.790000 21.555248 
0.885000 21.527407 
0.780000 21.530583 
0.900000 21.512706 
0.835000 21.496146 
0.805000 21.503360 
0.830000 21.490000 
0.830000 21.477812 
0.690000 21.327166 
0.605000 21.326287 
0.595000 21.337767 
0.755000 21.318410 
0.720000 21.293410 
0.755000 21.663513 
0.725000 21.653968 
0.735000 21.645684 
0.770000 21.632793 
0.895000 21.625826 
1.130000 19.697559 
0.910000 21.610882 
0.930000 21.607462 
1.330000 21.635126 
0.800000 21.819159 
0.810000 21.840106 
0.800000 21.799966 
0.790000 21.785121 
0.850000 21.775778 
0.785000 21.740477 
0.795000 21.715049 
0.810000 21.781107 
0.860000 21.745635 
0.785000 21.740477 
0.910000 21.743053 
0.925000 21.734064 
0.945000 21.734064 
0.785000 21.823316 
0.780000 21.840106 
0.760000 21.864346 
0.780000 21.850022 
0.810000 21.903992 
0.820000 21.878861 
0.795000 21.868680 
0.830000 21.837290 
0.860000 21.838697 
0.885000 21.809520 
1.595000 21.707535 
1.005000 21.695126 
0.670000 22.019050 
0.750000 22.022381 
0.780000 22.017389 
0.760000 22.027396 
0.700000 22.007473 
0.700000 21.948251 
0.675000 21.920568 
0.710000 21.920568 
0.695000 21.920568 
0.750000 21.923609 
0.685000 21.620054 
0.655000 21.826097 
0.695000 21.854299 
0.665000 21.848600 
0.655000 21.833079 
0.655000 21.841517 
0.800000 21.835884 
0.750000 21.834481 
0.765000 21.808150 
0.800000 21.756025 
0.790000 21.725149 
0.775000 21.682858 
0.985000 21.632793 
0.855000 21.591645 
0.980000 21.530583 
0.805000 21.665912 
0.955000 21.655156 
0.795000 21.624669 
0.885000 21.595015 
0.740000 21.568342 
0.750000 21.469762 
0.750000 21.434258 
0.820000 21.415024 
0.865000 21.400819 
0.750000 21.392384 
0.755000 21.384014 
0.825000 21.343999 
0.820000 21.328925 
0.840000 21.301107 
0.845000 21.251613 
0.735000 21.530583 
0.690000 21.511664 
0.950000 21.432319 
0.645000 21.493068 
0.640000 21.499232 
0.580000 21.521082 
0.630000 21.502326 
0.610000 21.431351 
0.640000 21.541238 
0.700000 21.546605 
0.715000 21.549838 
0.725000 21.548759 
0.700000 21.567245 
0.940000 21.310589 
0.915000 21.326287 
0.865000 21.326287 
0.870000 21.312322 
0.690000 21.317538 
0.910000 21.327166 
0.880000 21.301965 
0.775000 21.284921 
0.820000 21.285766 
0.910000 21.288308 
1.110000 21.720087 
1.425000 21.670727 
0.705000 21.586051 
0.745000 21.595015 
0.680000 21.600655 
0.695000 21.600655 
0.585000 21.616605 
0.635000 21.626984 
0.580000 21.652780 
0.640000 21.658730 
0.685000 21.648044 
0.610000 21.653968 
0.630000 21.218501 
0.610000 21.292558 
0.620000 21.396124 
0.610000 21.511664 
0.605000 21.608601 
0.585000 21.650410 
0.600000 21.665912 
0.590000 21.662315 
0.580000 21.661118 
0.595000 21.656346 
0.770000 21.623513 
0.705000 21.545530 
0.960000 21.886192 
0.900000 21.887664 
0.870000 21.892093 
0.835000 21.890615 
0.810000 21.887664 
0.800000 21.890615 
1.005000 21.874486 
0.830000 21.828884 
0.890000 21.830281 
0.915000 21.823316 
0.890000 21.844345 
0.810000 21.823316 
0.810000 21.809520 
0.760000 21.806782 
0.800000 21.798608 
0.815000 21.623513 
0.810000 21.518982 
0.800000 21.420758 
0.720000 21.343107 
0.810000 21.295115 
0.800000 21.266475 
0.850000 21.259019 
0.930000 21.251613 
0.870000 21.233720 
0.820000 21.228089 
0.760000 21.817777 
0.745000 21.816396 
0.755000 21.823316 
0.760000 21.824706 
0.790000 21.841517 
0.735000 21.837290 
0.740000 21.837290 
0.790000 21.831679 
0.830000 21.838697 
0.830000 21.833079 
1.000000 21.593890 
0.890000 21.597267 
0.845000 21.615458 
0.880000 21.632793 
0.850000 21.653968 
0.790000 21.657537 
1.535000 21.826097 
1.430000 21.812265 
0.830000 21.757331 
0.835000 21.748223 
0.955000 21.752117 
0.835000 21.730234 
0.865000 21.718825 
0.765000 21.748223 
0.715000 21.743053 
0.705000 21.737907 
0.685000 21.735343 
0.700000 21.732786 
0.705000 21.697597 
0.640000 21.690202 
0.725000 21.710034 
0.825000 21.710034 
0.835000 21.718825 
0.760000 21.759947 
0.750000 21.777108 
0.740000 21.771798 
0.800000 21.757331 
0.805000 21.741764 
0.670000 21.664712 
0.675000 21.685301 
0.655000 21.671934 
0.640000 21.663513 
0.625000 21.663513 
0.590000 21.745635 
0.645000 21.737907 
0.590000 21.739191 
0.640000 21.739191 
0.600000 21.752117 
0.670000 21.763883 
0.690000 21.745635 
0.660000 21.735343 
0.675000 21.717565 
0.685000 21.721350 
0.935000 21.761257 
0.860000 21.746928 
0.755000 21.715049 
0.760000 21.637463 
0.675000 21.502326 
0.660000 21.398000 
1.010000 21.848600 
1.045000 21.857160 
1.040000 21.855729 
0.915000 21.669521 
0.925000 21.600655 
0.860000 21.533769 
0.830000 21.492045 
0.895000 21.454827 
0.825000 21.263984 
0.820000 21.245888 
0.815000 21.217706 
0.815000 21.156663 
0.830000 20.847515 
1.025000 21.854299 
0.840000 21.914511 
0.800000 21.909990 
0.765000 21.902497 
0.840000 21.896540 
0.775000 21.870129 
0.805000 21.845761 
0.870000 21.823316 
0.830000 21.817777 
0.910000 21.821929 
0.845000 21.802687 
0.865000 21.812265 
0.605000 21.793193 
0.550000 21.802687 
0.560000 21.824706 
0.530000 21.823316 
0.565000 21.842930 
0.680000 21.723881 
0.705000 21.727688 
0.680000 21.721350 
0.795000 21.737907 
0.800000 21.757331 
0.805000 21.922088 
0.805000 21.919051 
0.830000 21.932785 
0.740000 21.934321 
0.760000 21.931250 
0.815000 21.909990 
0.800000 21.896540 
0.790000 21.889139 
0.895000 21.855729 
0.875000 21.857160 
0.850000 21.821929 
0.850000 21.808150 
0.860000 21.791843 
0.875000 21.744343 
0.790000 21.706288 
0.860000 21.773123 
0.800000 21.775778 
0.800000 21.765198 
0.810000 21.779772 
0.810000 21.791843 
0.815000 21.786462 
0.860000 21.765198 
0.925000 21.757331 
0.820000 21.761257 
0.815000 21.743053 
0.770000 21.391451 
0.775000 21.659923 
0.740000 21.707535 
0.745000 21.725149 
0.785000 21.756025 
0.780000 21.321029 
0.855000 21.351166 
0.785000 21.372954 
0.740000 21.384941 
0.790000 21.380315 
0.850000 21.506466 
0.860000 21.527407 
0.855000 21.525295 
0.810000 21.531644 
0.880000 21.520032 
0.765000 21.225684 
0.725000 21.228891 
0.685000 21.236952 
0.760000 21.279859 
0.755000 21.314058 
0.800000 21.572743 
0.805000 21.588285 
0.710000 21.601787 
0.710000 21.608601 
0.750000 21.618903 
0.820000 21.322779 
0.880000 21.347577 
0.855000 21.366554 
0.885000 21.368378 
0.835000 21.384014 
0.875000 21.430384 
0.845000 21.418843 
0.815000 21.398939 
0.855000 21.246704 
0.890000 20.600390 
0.705000 21.417887 
0.685000 21.462767 
0.705000 21.483889 
0.650000 21.009338 
0.700000 21.565054 
0.665000 21.604053 
0.625000 21.626984 
0.600000 21.636294 
0.585000 21.645684 
0.550000 21.649226 
1.180000 21.452851 
0.830000 21.491022 
0.870000 21.520032 
0.870000 21.539099 
0.850000 21.551999 
0.895000 21.569441 
0.855000 21.614312 
0.930000 21.626984 
0.970000 21.648044 
1.000000 21.677989 
1.010000 21.696361 
0.830000 21.744343 
0.815000 21.720087 
0.765000 21.731509 
0.825000 21.708784 
0.785000 21.695126 
0.895000 21.679204 
0.950000 21.707535 
0.990000 21.658730 
0.840000 21.896540 
0.855000 21.892093 
0.885000 21.896540 
1.250000 21.771798 
0.770000 21.725149 
0.905000 21.748223 
0.865000 21.765198 
0.845000 21.789149 
0.870000 21.785121 
0.870000 21.761257 
0.900000 21.701313 
0.910000 21.626984 
0.845000 21.460776 
0.830000 21.468760 
0.810000 21.514794 
0.720000 21.545530 
0.800000 21.592767 
0.860000 21.746928 
0.805000 21.712538 
0.805000 21.691431 
1.020000 21.743053 
0.885000 21.743053 
0.775000 21.665912 
0.880000 21.663513 
0.745000 21.691431 
0.790000 21.711285 
0.875000 21.703797 
1.110000 21.743053 
1.250000 21.789149 
0.860000 21.662315 
0.850000 21.681639 
0.755000 21.671934 
0.685000 21.673142 
0.700000 21.674352 
0.820000 21.652780 
0.755000 21.642153 
0.820000 21.635126 
0.810000 21.626984 
0.890000 21.614312 
0.935000 20.872672 
0.685000 21.695126 
0.745000 21.691431 
0.740000 21.693893 
0.800000 21.670727 
0.710000 21.656346 
0.710000 21.648044 
0.720000 21.644506 
0.815000 21.646864 
0.975000 21.650410 
0.850000 21.610882 
0.925000 21.601787 
0.890000 21.593890 
0.835000 21.589404 
0.785000 21.740477 
0.850000 21.735343 
0.820000 21.740477 
0.740000 21.736625 
0.805000 21.736625 
0.790000 21.736625 
0.750000 21.735343 
0.800000 21.770475 
0.795000 21.749519 
0.775000 21.670727 
0.785000 21.556333 
0.650000 21.905488 
0.665000 21.893573 
0.645000 21.887664 
0.665000 21.892093 
0.665000 21.887664 
0.670000 21.878861 
0.665000 21.870129 
0.725000 21.862905 
0.745000 21.854299 
0.750000 21.848600 
0.855000 21.812265 
0.900000 21.779772 
0.795000 21.801326 
0.775000 21.795897 
0.740000 21.801326 
0.745000 21.806782 
0.785000 21.806782 
0.775000 21.813641 
0.780000 21.820543 
0.855000 21.837290 
0.755000 21.865788 
0.845000 19.998468 
0.850000 21.766515 
0.800000 21.826097 
0.755000 21.623513 
0.930000 21.534833 
0.825000 21.523186 
0.835000 21.506466 
0.815000 21.511664 
0.790000 21.495119 
0.870000 21.461771 
0.935000 21.446945 
0.810000 21.428452 
0.860000 21.398939 
1.290000 21.305407 
0.975000 21.398000 
1.020000 21.712538 
0.715000 21.696361 
0.775000 21.726418 
0.765000 21.690202 
0.790000 21.691431 
0.710000 21.737907 
0.655000 21.736625 
0.670000 21.726418 
0.730000 21.753418 
0.640000 21.754721 
0.645000 21.753418 
0.615000 21.778439 
0.665000 21.778439 
0.675000 21.769154 
0.700000 21.745635 
0.730000 21.726418 
0.760000 21.749519 
0.735000 21.749519 
0.795000 21.727688 
0.940000 21.562867 
0.935000 21.646864 
1.320000 21.617754 
0.985000 21.638634 
1.105000 21.657537 
0.970000 21.632793 
0.945000 21.652780 
0.830000 21.623513 
0.800000 21.638634 
0.880000 21.624669 
0.870000 21.665912 
0.945000 21.635126 
1.030000 21.623513 
0.965000 21.494093 
0.985000 20.653431 
1.475000 20.115480 
1.620000 20.115480 
1.345000 20.104021 
1.505000 20.078672 
1.560000 20.021729 
0.835000 21.606325 
0.780000 21.617754 
0.740000 21.616605 
0.740000 21.604053 
0.855000 21.651594 
0.955000 21.649226 
0.955000 21.631629 
0.935000 21.643329 
0.955000 21.635126 
0.935000 21.638634 
0.945000 21.631629 
1.010000 21.626984 
1.030000 21.658730 
1.105000 21.635126 
1.130000 21.670727 
1.220000 21.682858 
0.670000 21.680421 
0.625000 21.698834 
0.690000 21.708784 
0.695000 21.717565 
0.760000 21.734064 
0.750000 21.781107 
0.870000 21.778439 
0.820000 21.781107 
0.930000 21.785121 
0.880000 21.795897 
1.125000 21.883254 
0.760000 21.582709 
0.720000 21.592767 
0.680000 21.589404 
0.725000 21.598395 
0.760000 21.621206 
0.800000 21.648044 
0.850000 21.626984 
0.980000 21.630466 
0.965000 21.618903 
0.775000 21.600655 
0.910000 21.496146 
0.870000 21.495119 
0.925000 21.467759 
0.960000 21.516886 
0.950000 21.518982 
0.820000 21.499232 
0.905000 21.364732 
0.795000 20.712685 
0.790000 21.621206 
0.785000 21.587167 
0.880000 21.414071 
0.980000 21.468760 
0.790000 21.559595 
0.895000 21.649226 
0.965000 21.773123 
0.965000 21.842930 
0.970000 21.862905 
0.990000 21.867233 
0.920000 21.847179 
0.945000 21.828884 
0.655000 20.370792 
0.655000 20.359917 
0.920000 21.629304 
1.010000 21.649226 
0.875000 21.653968 
0.910000 21.664712 
0.970000 21.675563 
0.930000 21.745635 
0.880000 21.862905 
0.945000 21.861466 
0.665000 21.527407 
0.650000 21.399878 
0.670000 21.295115 
0.735000 21.221688 
0.735000 21.164960 
0.720000 21.131413 
0.665000 21.106018 
0.660000 21.085418 
0.710000 21.074218 
0.715000 21.050794 
0.715000 21.960785 
0.745000 21.963941 
0.720000 21.949810 
0.720000 21.934321 
0.660000 21.934321 
1.020000 21.750817 
0.950000 21.773123 
0.890000 21.857160 
0.910000 21.871579 
0.865000 21.886192 
0.880000 21.890615 
0.870000 21.880323 
0.830000 21.854299 
0.800000 21.861466 
0.900000 21.840106 
0.820000 21.821929 
0.835000 21.783781 
0.900000 21.763883 
0.910000 21.740477 
0.935000 21.750817 
1.745000 21.975061 
1.060000 21.630466 
0.990000 21.617754 
0.975000 21.623513 
0.965000 21.545530 
1.010000 21.565054 
0.855000 21.561775 
0.830000 21.589404 
0.870000 21.628143 
0.670000 21.183285 
0.790000 21.199577 
0.825000 21.205849 
0.750000 21.212948 
1.215000 21.216912 
0.910000 22.110955 
0.860000 22.100152 
0.860000 22.071857 
0.835000 21.407425 
0.870000 19.895669 
0.905000 21.940490 
0.955000 21.931250 
1.030000 21.926659 
1.010000 21.919051 
1.070000 21.913002 
0.965000 21.971872 
1.010000 21.975061 
0.995000 21.981466 
0.955000 21.963941 
1.045000 21.954500 
1.000000 21.824706 
0.955000 21.819159 
0.900000 21.826097 
0.895000 21.826097 
0.890000 21.828884 
0.680000 21.096025 
0.695000 20.982128 
0.740000 20.901987 
0.710000 20.829022 
0.740000 20.777478 
0.790000 21.316667 
0.830000 21.312322 
0.870000 21.278177 
0.935000 21.260671 
0.930000 21.244258 
0.765000 21.713793 
0.890000 21.725149 
0.850000 21.757331 
0.815000 21.763883 
0.815000 21.753418 
0.775000 21.808150 
0.705000 21.817777 
0.685000 21.821929 
0.675000 21.831679 
0.675000 21.833079 
0.785000 21.485922 
0.725000 21.753418 
0.665000 21.810892 
0.715000 21.809520 
0.735000 21.815018 
0.860000 21.658730 
0.800000 21.668317 
0.845000 21.664712 
0.860000 21.663513 
0.955000 21.650410 
0.970000 21.802687 
1.010000 21.791843 
0.925000 21.802687 
0.955000 21.808150 
0.915000 21.819159 
0.915000 21.801326 
0.775000 21.809520 
0.775000 21.821929 
0.785000 21.828884 
0.780000 21.841517 
0.745000 21.828884 
0.690000 21.837290 
0.685000 21.838697 
0.685000 21.845761 
0.770000 21.850022 
0.740000 21.883254 
0.805000 21.880323 
0.830000 21.883254 
0.795000 21.881788 
0.810000 21.874486 
0.820000 21.881788 
0.915000 21.892093 
0.970000 21.895055 
0.745000 21.873032 
0.795000 21.862905 
0.945000 21.861466 
0.745000 21.697597 
0.740000 21.708784 
0.695000 21.725149 
0.655000 21.748223 
0.750000 21.766515 
0.820000 21.805415 
0.785000 21.715049 
0.790000 21.197235 
0.820000 19.679098 
0.840000 21.599525 
0.805000 21.833079 
0.875000 21.837290 
0.900000 21.833079 
0.850000 21.838697 
0.835000 21.860029 
0.860000 21.873032 
0.935000 21.899514 
0.995000 21.887664 
0.940000 21.884722 
0.870000 21.845761 
0.835000 21.600655 
0.825000 21.598395 
0.775000 21.615458 
0.745000 21.637463 
0.955000 21.643329 
1.090000 21.648044 
0.905000 21.650410 
0.880000 21.648044 
0.850000 21.664712 
0.855000 21.661118 
0.895000 21.653968 
0.885000 21.651594 
1.015000 21.650410 
0.955000 21.454827 
1.100000 20.606710 
1.290000 21.695126 
0.660000 21.580486 
0.650000 21.613168 
0.700000 21.617754 
0.640000 21.636294 
0.700000 21.633959 
0.950000 22.022381 
0.980000 22.005829 
0.935000 21.696361 
0.995000 19.213793 
