#seeing (''), sky brightness (mag) 
0.840000 19.677022 
0.890000 19.642946 
0.820000 19.575101 
0.845000 19.575649 
0.980000 19.527911 
0.980000 19.511506 
0.975000 19.439030 
0.835000 19.368369 
0.690000 19.408517 
0.705000 19.514352 
0.690000 19.532381 
0.715000 19.550178 
0.790000 19.576472 
0.745000 19.561214 
0.675000 19.540579 
0.680000 19.498915 
0.715000 19.441450 
0.745000 19.377011 
0.770000 19.317912 
0.730000 19.294594 
0.675000 19.261659 
0.735000 19.180200 
0.755000 19.124147 
0.840000 19.099466 
0.845000 19.071881 
0.890000 19.051726 
0.885000 19.031939 
0.860000 19.029947 
0.905000 19.005835 
1.135000 19.369049 
0.955000 19.667134 
0.730000 19.825145 
0.750000 19.816212 
0.755000 19.838335 
0.820000 19.863061 
0.845000 19.813478 
0.900000 19.807691 
0.945000 19.818267 
1.135000 19.496363 
0.675000 19.940038 
0.670000 19.956266 
0.710000 19.791516 
0.715000 19.870589 
0.735000 19.861989 
0.810000 19.816897 
0.835000 19.392187 
0.915000 19.501473 
0.815000 19.538987 
0.760000 19.532644 
0.730000 19.532381 
0.795000 19.505321 
0.810000 19.417724 
0.865000 19.412993 
0.965000 19.367463 
0.780000 19.602295 
0.800000 19.661185 
0.700000 19.655563 
0.785000 19.674617 
0.920000 19.689434 
1.030000 19.723139 
1.025000 19.706001 
0.975000 19.654088 
0.910000 19.563923 
0.845000 19.468932 
0.890000 19.574827 
0.895000 19.566095 
0.835000 19.441450 
0.855000 19.231090 
0.660000 19.724396 
0.635000 19.725654 
0.715000 19.715627 
0.790000 19.832762 
0.770000 19.901237 
0.720000 19.878533 
0.715000 19.888362 
0.735000 19.855584 
0.710000 19.725025 
0.680000 19.763125 
0.675000 19.714380 
0.760000 19.681849 
0.810000 19.627883 
0.735000 19.592783 
0.650000 19.577845 
0.705000 19.586118 
0.690000 19.557433 
0.700000 19.501217 
0.730000 19.367463 
0.755000 19.334691 
0.755000 19.246570 
0.725000 18.874589 
0.725000 19.691262 
0.660000 19.719064 
0.650000 19.697379 
0.800000 19.591391 
0.790000 19.597248 
0.770000 19.587503 
0.820000 19.617290 
0.720000 19.593340 
0.700000 19.580871 
0.830000 19.536604 
0.800000 19.421048 
0.760000 19.408047 
0.910000 19.444361 
0.960000 19.482435 
0.860000 19.549107 
0.835000 19.577570 
0.965000 19.586949 
0.960000 19.673116 
0.770000 19.661185 
0.720000 20.053963 
0.720000 20.023306 
0.860000 19.889459 
0.885000 19.854165 
0.890000 19.842534 
0.825000 19.800922 
0.970000 19.771959 
1.160000 19.506606 
1.200000 19.629034 
0.875000 19.609342 
0.835000 19.613309 
0.825000 19.666836 
0.875000 19.686394 
0.775000 19.697379 
0.915000 19.679131 
0.845000 19.706620 
1.215000 19.634809 
0.750000 19.432041 
0.675000 19.332497 
0.680000 19.401255 
0.715000 19.475413 
0.845000 19.438788 
1.030000 19.394273 
1.065000 19.543237 
0.895000 19.703531 
0.650000 19.491024 
0.765000 19.802273 
0.745000 19.759871 
0.705000 19.732285 
0.725000 19.824111 
0.630000 19.840783 
0.695000 19.888362 
0.845000 19.262275 
0.890000 19.292691 
0.750000 19.347726 
0.725000 19.336669 
0.735000 19.355085 
0.725000 19.394505 
0.735000 19.374274 
0.695000 19.345284 
0.690000 19.345062 
0.670000 19.336229 
0.695000 19.384802 
0.715000 19.358896 
0.685000 19.341078 
0.685000 19.348170 
0.745000 19.334691 
0.910000 19.331621 
0.735000 19.302666 
0.745000 19.302880 
0.780000 19.329215 
0.790000 19.362044 
0.830000 19.303733 
0.870000 19.063637 
0.900000 19.078625 
0.945000 19.054268 
0.775000 19.346615 
0.625000 19.500449 
0.650000 19.526862 
0.655000 19.538722 
0.665000 19.551518 
0.665000 19.568816 
0.630000 19.514611 
0.650000 19.493309 
0.610000 19.613309 
0.640000 19.615582 
0.650000 19.678528 
0.635000 19.714380 
0.685000 19.654383 
0.680000 19.626158 
0.690000 19.668925 
0.715000 19.684270 
0.725000 19.661185 
0.785000 19.683664 
0.760000 19.648210 
0.780000 19.659999 
0.790000 19.645283 
0.820000 19.581698 
0.785000 19.598648 
0.795000 19.555817 
0.685000 19.582878 
0.715000 19.618516 
0.780000 19.630079 
0.790000 19.633572 
0.790000 19.655959 
0.830000 19.662227 
0.820000 19.688281 
0.795000 19.708709 
0.745000 19.770088 
0.685000 19.740733 
0.780000 19.643530 
0.805000 19.612208 
0.790000 19.492425 
0.770000 19.674570 
0.790000 19.760215 
0.670000 19.446071 
0.800000 20.057164 
0.760000 20.032468 
0.905000 19.984296 
0.850000 19.898011 
0.780000 19.892076 
0.770000 19.885437 
0.865000 19.833743 
0.740000 19.809819 
0.765000 19.867931 
0.800000 19.836200 
0.805000 19.792468 
0.775000 19.765140 
0.755000 19.743633 
0.805000 19.798900 
0.630000 20.075405 
0.635000 20.047303 
0.555000 20.023662 
0.550000 19.962764 
0.565000 19.885437 
0.555000 19.832341 
0.570000 19.742666 
0.610000 19.942038 
0.615000 19.881400 
0.640000 19.859641 
0.665000 19.866123 
0.685000 19.838310 
0.695000 19.795510 
0.720000 19.714347 
0.805000 19.806737 
0.925000 19.810848 
0.800000 19.682166 
0.730000 19.713719 
0.720000 19.714347 
0.730000 19.726666 
0.745000 19.668532 
0.600000 19.733357 
0.580000 19.662526 
0.695000 19.601682 
0.600000 19.597444 
0.555000 19.550531 
0.600000 19.500907 
0.710000 19.577050 
1.380000 19.667525 
0.905000 19.617154 
1.200000 19.628798 
1.155000 19.597074 
1.030000 19.555256 
0.600000 19.963554 
0.545000 19.976671 
0.520000 19.970689 
0.580000 19.911861 
0.605000 19.938558 
0.640000 19.911484 
0.685000 19.925509 
0.805000 19.837958 
0.815000 19.941651 
0.780000 20.067984 
0.830000 20.359650 
0.870000 20.517386 
0.680000 20.520021 
0.860000 20.448549 
0.685000 19.113187 
0.735000 19.607360 
0.805000 19.993192 
0.820000 20.064077 
1.250000 19.806456 
1.265000 19.809909 
0.785000 20.214457 
0.770000 20.183055 
0.775000 20.117830 
0.795000 20.122394 
0.715000 20.162930 
0.690000 20.121023 
0.640000 20.102904 
0.690000 20.090399 
0.725000 20.102006 
0.750000 20.101109 
0.820000 20.071470 
0.790000 20.116465 
0.810000 20.121480 
0.830000 20.105153 
0.765000 19.666125 
0.855000 19.667027 
0.945000 19.697828 
0.805000 19.732718 
0.830000 19.797204 
0.745000 19.805028 
0.725000 19.846438 
0.860000 19.894668 
0.780000 19.873735 
0.780000 19.926272 
0.700000 19.925127 
0.855000 19.962369 
0.915000 19.992786 
0.990000 20.043469 
0.880000 19.873008 
0.840000 19.852484 
0.870000 19.704343 
0.755000 19.693814 
0.775000 19.687362 
0.760000 19.712465 
0.605000 18.977431 
0.595000 19.079591 
0.555000 19.134334 
0.580000 19.159474 
0.580000 19.194316 
0.590000 19.211770 
0.590000 19.239400 
0.595000 19.274433 
0.530000 19.292809 
0.570000 19.161549 
0.545000 19.166657 
0.495000 19.261318 
0.475000 19.276950 
0.510000 19.292383 
0.545000 19.305450 
0.555000 19.278630 
0.540000 19.266712 
0.525000 19.250201 
0.535000 19.250201 
0.625000 19.263389 
0.550000 19.272132 
1.110000 19.704542 
0.625000 19.664025 
0.640000 19.669134 
0.590000 19.714662 
0.710000 19.745894 
0.755000 19.786410 
0.735000 19.720963 
0.710000 19.764482 
0.695000 19.797204 
0.720000 19.843250 
0.680000 19.827102 
0.680000 19.520432 
0.705000 19.533913 
0.745000 19.562207 
0.660000 19.608783 
0.665000 19.653877 
0.720000 19.638539 
0.650000 19.648544 
0.655000 19.635322 
0.685000 19.589017 
0.820000 19.468122 
0.745000 19.422289 
0.715000 19.342496 
0.725000 19.360937 
0.610000 19.307824 
0.745000 19.322173 
0.695000 19.293662 
0.675000 19.261939 
0.830000 19.261525 
0.790000 19.282421 
0.545000 19.274852 
0.550000 19.221500 
0.525000 19.233132 
0.535000 19.328758 
0.610000 19.271505 
0.590000 19.256981 
0.620000 19.147297 
0.615000 19.069313 
0.485000 19.105273 
0.565000 19.082396 
0.570000 19.052112 
0.580000 19.027143 
0.610000 19.032326 
0.645000 19.004532 
0.560000 18.869397 
0.795000 19.529136 
0.815000 19.532053 
0.690000 19.459892 
0.740000 19.412970 
0.840000 19.334498 
0.795000 19.226298 
0.790000 19.237172 
0.720000 19.495502 
0.690000 19.486298 
0.760000 19.470378 
0.680000 19.452958 
0.680000 19.410830 
0.640000 19.377161 
0.645000 19.373025 
0.775000 19.341159 
0.575000 19.323706 
0.605000 19.305450 
0.630000 19.248155 
0.935000 19.205265 
0.855000 19.166468 
0.660000 19.126447 
0.760000 19.079066 
0.745000 19.014871 
1.165000 18.951146 
0.760000 18.925331 
0.830000 18.898929 
0.830000 18.862209 
0.815000 18.872141 
0.480000 19.505302 
0.530000 19.524644 
0.515000 19.553506 
0.515000 19.588177 
0.540000 19.490379 
0.545000 19.525699 
0.515000 19.522799 
0.590000 19.529666 
0.570000 19.539246 
0.620000 19.520432 
0.540000 19.538177 
0.515000 19.509455 
0.500000 19.436299 
0.560000 19.279893 
0.545000 19.933165 
0.555000 19.932397 
0.575000 19.899872 
0.535000 19.819464 
0.550000 19.731760 
0.540000 19.705900 
0.555000 19.600833 
0.810000 19.270461 
0.740000 19.307824 
0.750000 19.297078 
0.670000 19.276110 
0.645000 19.311285 
0.695000 19.337602 
0.600000 19.340046 
1.070000 19.685876 
0.845000 19.060797 
0.715000 19.846438 
0.690000 19.900617 
0.695000 19.871918 
0.715000 19.870466 
0.800000 19.834444 
0.810000 19.789435 
0.780000 19.727619 
0.870000 19.710837 
0.815000 19.551071 
0.650000 19.836200 
0.675000 19.789772 
0.665000 19.733037 
0.635000 19.704966 
0.680000 19.635614 
0.675000 19.546756 
0.750000 20.049439 
0.770000 20.007086 
0.750000 19.955288 
0.805000 20.005032 
0.765000 19.949033 
0.735000 19.870466 
0.910000 19.846083 
0.930000 19.981896 
0.790000 19.961826 
0.725000 19.960004 
0.800000 19.934703 
0.720000 19.898011 
0.885000 19.907350 
0.880000 19.866846 
0.835000 19.890966 
0.815000 19.891336 
0.860000 19.830942 
0.970000 19.897267 
1.010000 19.893556 
0.870000 19.942426 
0.825000 19.987927 
0.800000 20.048157 
0.855000 20.014928 
0.610000 19.982686 
0.880000 19.977071 
0.560000 19.956465 
0.660000 19.920560 
0.680000 19.956073 
0.635000 19.920560 
0.755000 19.879936 
0.780000 19.324364 
0.655000 19.288133 
0.700000 19.236565 
0.680000 19.150282 
0.750000 19.083800 
0.720000 19.056901 
0.755000 19.040568 
0.700000 19.327658 
0.710000 19.393865 
0.665000 19.465122 
0.635000 19.489613 
0.845000 19.473392 
0.725000 19.506079 
0.555000 19.552152 
0.750000 19.942426 
0.575000 19.543800 
0.615000 19.557848 
0.610000 19.543263 
0.675000 19.475155 
0.670000 19.405855 
0.665000 19.348534 
0.690000 19.383627 
0.470000 19.629788 
0.530000 19.586501 
0.530000 19.559208 
0.560000 19.576773 
0.510000 19.590417 
0.505000 19.563573 
0.530000 19.578158 
0.615000 19.450246 
0.580000 19.449753 
0.555000 19.427582 
0.610000 19.445822 
0.625000 19.478688 
0.575000 19.442638 
0.575000 19.416783 
0.645000 19.444841 
0.705000 19.420132 
0.735000 19.379235 
0.665000 19.388967 
0.730000 19.395737 
0.770000 19.385481 
0.745000 19.370505 
0.745000 19.243667 
0.810000 19.278420 
0.660000 19.290044 
0.660000 19.285379 
0.780000 19.274015 
0.840000 19.216525 
0.790000 19.167606 
0.885000 19.168745 
0.810000 19.136176 
0.795000 19.107246 
0.735000 19.800599 
0.610000 19.820502 
0.775000 19.837606 
0.595000 19.828148 
1.005000 20.006479 
1.070000 19.892500 
0.545000 19.153088 
0.510000 19.227501 
0.580000 19.286226 
0.570000 19.297720 
0.555000 19.348310 
0.570000 19.442883 
0.645000 19.514407 
0.450000 19.744279 
0.545000 19.846792 
0.480000 19.841836 
0.455000 19.851415 
0.475000 19.837254 
0.480000 19.759560 
0.480000 19.735917 
0.445000 19.720015 
0.475000 19.727937 
0.485000 19.705589 
0.465000 19.734316 
0.495000 19.787753 
0.555000 19.841130 
0.505000 19.876284 
0.555000 19.864319 
0.530000 19.872281 
0.545000 19.894297 
0.555000 19.911108 
0.550000 19.908476 
0.550000 19.964345 
0.560000 20.002572 
0.530000 20.061734 
0.595000 19.969809 
0.520000 19.791119 
0.485000 19.833392 
0.480000 19.721911 
0.490000 19.678513 
0.510000 19.821195 
0.535000 19.733357 
0.600000 19.699066 
0.890000 20.096187 
0.735000 20.258136 
0.590000 20.260211 
0.655000 20.394929 
0.670000 20.310695 
0.890000 20.283301 
0.895000 20.303106 
0.685000 20.245256 
0.590000 20.287020 
0.630000 20.281182 
0.715000 20.353408 
0.815000 20.311783 
0.680000 20.264373 
0.690000 20.318337 
0.815000 19.567681 
0.915000 19.602815 
0.740000 19.596035 
0.630000 19.731122 
0.680000 19.705589 
0.620000 19.757270 
0.600000 19.758905 
0.630000 20.168642 
0.670000 20.197662 
0.690000 20.205039 
0.745000 20.154890 
0.755000 20.187902 
0.845000 20.134351 
0.745000 20.056733 
0.795000 19.999300 
0.630000 20.304187 
0.560000 20.279595 
0.585000 20.230000 
0.560000 20.163880 
0.615000 20.048584 
0.630000 20.040072 
0.650000 20.034575 
1.540000 19.574571 
1.185000 19.541668 
1.185000 19.491527 
0.760000 20.027008 
0.700000 20.039648 
0.660000 19.478182 
0.605000 19.513102 
0.615000 19.551612 
0.630000 19.613639 
0.625000 19.693198 
0.725000 19.563573 
0.670000 19.621972 
0.640000 19.660731 
0.590000 19.739447 
0.550000 19.757597 
0.580000 19.787753 
0.575000 19.829544 
0.700000 20.042194 
0.680000 20.065812 
0.700000 20.050295 
0.625000 20.039648 
0.605000 20.007909 
0.595000 19.992786 
0.625000 20.025334 
0.540000 19.674873 
0.520000 19.738483 
0.525000 19.763167 
0.480000 19.794157 
0.510000 19.807763 
0.475000 19.769427 
0.480000 19.750430 
0.680000 19.303297 
0.620000 19.336271 
0.595000 19.380389 
0.590000 19.374862 
0.530000 19.392463 
0.540000 19.460638 
0.540000 19.467121 
0.540000 19.515976 
0.510000 19.549451 
0.515000 19.586222 
0.485000 19.630079 
0.525000 19.645886 
0.540000 19.687974 
0.555000 19.691659 
0.780000 20.140379 
0.760000 20.101557 
0.740000 20.126518 
0.745000 20.127896 
0.720000 20.168642 
0.730000 20.155833 
0.700000 20.133426 
0.645000 20.119653 
0.580000 20.107857 
0.645000 20.112379 
0.685000 20.050295 
0.675000 20.030785 
0.620000 19.973078 
0.640000 19.928948 
0.775000 19.888383 
0.610000 20.077597 
0.660000 20.161507 
0.710000 20.197171 
0.665000 20.214955 
0.630000 20.219947 
0.615000 20.279066 
0.630000 20.308521 
0.710000 19.865401 
0.755000 19.870466 
0.745000 19.848923 
0.805000 19.770419 
0.840000 19.758251 
0.835000 19.775391 
0.820000 19.745894 
0.845000 19.752705 
0.720000 20.216450 
0.705000 20.138056 
0.740000 20.123309 
0.780000 19.994005 
0.755000 20.002981 
0.730000 19.927800 
0.655000 19.923984 
1.090000 19.599920 
0.840000 19.631533 
0.810000 19.720963 
0.730000 19.807763 
0.740000 19.945141 
0.705000 19.972680 
0.675000 20.015343 
0.640000 20.077597 
0.740000 19.994411 
0.750000 20.007086 
0.710000 20.048584 
0.800000 20.199133 
0.800000 20.253482 
0.680000 20.246281 
0.660000 20.205533 
0.535000 19.812222 
0.580000 19.829544 
0.590000 19.905101 
0.580000 19.919042 
0.535000 19.871918 
0.495000 19.935088 
0.515000 20.005442 
0.680000 19.489102 
0.670000 19.516237 
0.760000 19.613066 
0.755000 19.675479 
0.765000 19.658044 
0.770000 19.722861 
0.715000 19.760870 
0.705000 19.712465 
0.740000 19.655364 
0.690000 19.781053 
0.720000 19.815664 
0.670000 19.909979 
0.655000 20.004621 
0.645000 20.069290 
0.600000 19.566310 
0.630000 19.607075 
0.615000 19.600833 
0.630000 19.673360 
0.560000 19.698756 
0.755000 19.742666 
0.685000 19.762510 
0.695000 19.810505 
0.770000 19.802981 
0.675000 19.821195 
0.625000 19.831991 
0.725000 19.879936 
0.755000 19.917905 
0.865000 20.025334 
0.660000 19.901363 
0.630000 19.899127 
0.590000 19.893556 
0.575000 19.889858 
0.590000 19.925509 
0.635000 19.923222 
0.705000 19.975872 
0.745000 19.969100 
0.765000 20.007086 
0.775000 20.078914 
0.740000 20.134351 
0.635000 20.201590 
0.600000 20.239637 
0.745000 20.266460 
0.575000 19.946696 
0.710000 19.968703 
0.660000 19.992381 
0.680000 20.079793 
0.670000 20.106504 
0.630000 20.129276 
0.615000 20.244744 
0.695000 20.128356 
0.725000 20.240657 
0.710000 20.239128 
0.605000 20.236585 
0.650000 20.190821 
0.645000 20.207510 
0.610000 20.143638 
0.625000 20.128816 
0.595000 20.125142 
0.620000 20.211970 
0.640000 20.202574 
0.595000 20.249361 
0.575000 20.285957 
0.600000 20.242188 
0.635000 19.446804 
0.660000 19.465372 
0.720000 19.488847 
0.695000 19.559480 
0.570000 19.558120 
0.610000 19.552964 
0.605000 19.578989 
0.600000 19.560843 
0.620000 19.608783 
0.600000 19.733677 
0.640000 19.856057 
0.660000 19.849279 
0.645000 19.892076 
0.670000 19.866123 
0.585000 19.702789 
0.550000 19.728255 
0.560000 19.780386 
0.565000 19.732079 
0.560000 19.738483 
0.560000 19.708396 
0.525000 19.785068 
0.550000 19.593503 
0.620000 19.621395 
0.540000 19.645592 
0.500000 19.666727 
0.460000 19.685831 
0.470000 19.667629 
0.465000 19.599702 
0.595000 19.728892 
0.595000 19.692582 
0.655000 19.596035 
0.670000 19.699066 
0.680000 19.742666 
0.695000 19.734316 
0.675000 19.686443 
0.820000 19.452464 
0.750000 19.448769 
0.800000 19.413446 
0.745000 19.423250 
0.835000 19.395269 
0.805000 19.357767 
0.910000 19.269835 
0.910000 19.353929 
0.665000 19.323706 
0.655000 19.357993 
0.565000 19.357540 
0.585000 19.428547 
0.600000 19.517809 
0.575000 19.575114 
0.580000 19.585385 
0.570000 19.586222 
0.680000 19.576773 
0.765000 19.626597 
0.740000 19.697828 
0.690000 19.744925 
0.790000 19.821541 
0.775000 19.775391 
0.770000 19.765469 
0.730000 19.765469 
0.665000 19.771742 
0.635000 19.802641 
0.670000 19.803322 
0.620000 19.818772 
0.570000 19.511798 
0.535000 19.545411 
0.645000 19.542190 
0.835000 19.563299 
0.905000 19.527549 
0.895000 19.627176 
0.785000 19.617366 
0.830000 19.643530 
0.885000 19.629788 
0.860000 19.547025 
0.810000 19.513624 
0.850000 19.474903 
0.865000 19.463875 
0.830000 19.544605 
0.605000 19.460389 
0.590000 19.458899 
0.605000 19.461384 
0.585000 19.471131 
0.575000 19.420371 
0.595000 19.385017 
0.615000 19.335163 
0.630000 19.726031 
0.620000 19.705900 
0.725000 19.869379 
0.690000 19.843250 
0.630000 19.834444 
0.660000 19.848923 
0.725000 19.873371 
0.700000 19.881034 
0.705000 19.886909 
0.770000 19.887277 
0.730000 19.840424 
0.665000 19.822582 
0.640000 19.769757 
0.600000 19.689201 
0.900000 19.580376 
0.855000 19.629498 
0.955000 19.670641 
0.935000 19.716863 
0.830000 19.727619 
0.805000 19.762510 
0.835000 19.794495 
0.635000 19.426464 
0.900000 19.134343 
0.940000 19.338268 
0.870000 19.385713 
0.880000 19.387804 
0.950000 19.482233 
0.785000 19.776720 
0.825000 19.733357 
0.740000 19.751405 
0.740000 19.765469 
0.710000 19.687668 
0.690000 19.889489 
0.775000 19.940103 
0.745000 19.862878 
0.820000 19.882133 
0.675000 19.906599 
0.825000 19.737841 
0.730000 19.789435 
0.695000 19.827799 
0.715000 19.932013 
0.735000 19.968703 
0.800000 20.156776 
0.740000 20.252966 
0.725000 19.599985 
0.915000 19.630369 
0.620000 19.521221 
0.700000 19.423010 
0.625000 19.576497 
0.615000 19.563846 
0.600000 19.534179 
0.570000 19.383858 
0.600000 19.126264 
0.855000 19.720347 
0.835000 19.698285 
0.760000 19.720347 
0.675000 19.879205 
0.630000 19.893186 
0.710000 19.895781 
0.740000 19.873371 
0.735000 19.836200 
0.895000 19.866846 
0.830000 19.871192 
1.035000 19.736384 
0.680000 19.841836 
0.590000 19.854984 
0.745000 19.875920 
0.610000 19.923984 
0.690000 19.899127 
0.650000 19.906225 
0.680000 19.929330 
0.710000 19.714976 
0.680000 19.728892 
0.670000 19.746541 
0.640000 19.779718 
0.700000 19.829195 
0.700000 19.886541 
0.645000 19.912238 
0.565000 20.074529 
0.555000 20.061912 
0.555000 20.078036 
0.570000 20.100661 
0.580000 20.100661 
0.645000 20.052866 
0.620000 20.101109 
0.625000 20.105603 
0.735000 20.141309 
0.705000 20.152536 
0.740000 20.170075 
0.725000 20.116920 
0.895000 20.119653 
0.875000 19.667629 
0.740000 19.728573 
0.700000 19.817390 
0.655000 19.869741 
0.730000 19.900617 
0.710000 19.856773 
0.725000 19.896895 
0.690000 20.268551 
0.585000 20.253998 
0.570000 20.260730 
0.590000 20.271170 
0.580000 20.326033 
0.590000 20.364212 
0.610000 20.322178 
0.600000 20.312873 
0.635000 20.199624 
0.645000 20.208994 
0.625000 20.187416 
0.600000 20.212964 
0.585000 20.265938 
0.625000 20.273796 
0.705000 20.191795 
0.675000 20.251935 
0.715000 20.262290 
0.660000 20.236585 
0.675000 20.231010 
0.755000 20.200115 
0.855000 19.918284 
0.795000 20.000935 
0.760000 20.107406 
0.710000 20.177748 
0.775000 20.207510 
0.800000 20.269074 
0.690000 20.340473 
0.710000 20.381492 
0.785000 20.132964 
0.775000 20.061912 
0.855000 19.941651 
0.700000 19.884335 
0.705000 19.848568 
0.670000 19.837254 
0.745000 19.817390 
0.540000 19.851771 
0.615000 19.923984 
0.655000 19.995631 
0.535000 20.001344 
0.565000 19.984296 
0.540000 20.009144 
0.615000 20.033731 
0.640000 19.441136 
0.555000 19.410355 
0.555000 19.402550 
0.545000 19.365483 
0.575000 19.340937 
0.580000 19.524116 
0.650000 19.539781 
0.625000 19.473392 
0.550000 19.465872 
0.535000 19.461384 
0.535000 19.445822 
0.540000 19.450246 
0.520000 19.436785 
0.570000 19.363208 
0.570000 19.306529 
0.690000 19.837929 
0.760000 19.898755 
0.755000 19.911484 
0.855000 19.931246 
0.760000 19.866485 
0.690000 19.835497 
0.660000 19.849990 
0.695000 19.911861 
0.655000 20.005442 
0.625000 20.041345 
0.695000 20.076719 
0.665000 20.125142 
0.635000 20.126977 
0.490000 20.121480 
0.465000 20.071906 
0.695000 19.551341 
0.650000 19.642060 
0.635000 19.743956 
0.670000 19.694431 
0.685000 19.714662 
0.605000 19.785068 
0.555000 19.817390 
0.730000 19.686137 
0.655000 19.798221 
0.630000 19.953721 
0.710000 20.013686 
0.715000 20.021577 
0.755000 20.043469 
0.675000 20.038801 
0.745000 19.990029 
0.585000 19.591405 
1.000000 19.874003 
0.900000 19.139925 
1.640000 19.631728 
1.350000 19.597074 
1.355000 19.580153 
1.425000 19.580153 
1.385000 19.528247 
0.705000 19.906225 
0.630000 19.862158 
0.635000 19.772736 
0.640000 19.756290 
0.530000 19.813253 
0.570000 19.781053 
0.585000 19.792468 
0.610000 19.989544 
0.870000 19.760870 
0.790000 19.691967 
0.765000 19.636199 
0.655000 19.586780 
0.725000 19.600268 
0.745000 19.492425 
0.660000 19.517285 
0.740000 19.547295 
0.785000 19.591538 
0.695000 19.620819 
0.690000 19.573182 
0.600000 19.846083 
0.680000 19.878109 
0.645000 19.344729 
0.700000 19.395503 
0.775000 19.392931 
0.780000 19.373255 
0.730000 19.300291 
0.710000 19.266296 
0.635000 19.244889 
0.690000 19.388269 
0.725000 19.428306 
0.580000 19.353704 
0.670000 19.432659 
0.660000 19.445577 
0.650000 19.437759 
0.620000 19.445822 
1.010000 19.643530 
0.925000 19.608503 
0.880000 19.520273 
0.755000 19.468562 
0.665000 20.021160 
0.650000 19.971883 
0.730000 19.937400 
0.685000 19.947475 
0.675000 19.953330 
0.735000 19.922461 
0.730000 19.902857 
0.710000 19.917527 
0.670000 19.911861 
0.750000 19.928182 
0.760000 19.914879 
0.740000 19.910355 
0.755000 19.908100 
0.645000 19.889489 
0.725000 19.620531 
0.715000 19.673965 
0.740000 19.682776 
0.810000 19.668833 
0.820000 19.717167 
0.760000 19.722861 
0.640000 19.702789 
0.655000 19.709959 
0.670000 19.667930 
0.660000 19.668833 
0.640000 19.686137 
0.685000 19.731122 
0.750000 19.742343 
0.785000 19.788762 
0.795000 19.721279 
0.730000 19.722544 
0.660000 19.976271 
0.640000 20.015343 
0.690000 19.979875 
0.890000 19.994411 
0.740000 19.982686 
0.845000 19.955681 
0.720000 19.923984 
0.780000 19.969894 
0.765000 19.970292 
0.740000 19.995224 
0.775000 20.043044 
0.710000 20.106053 
0.545000 20.103354 
0.515000 20.094403 
0.610000 20.111020 
0.685000 20.152536 
0.755000 20.197662 
0.630000 20.211474 
0.650000 20.209490 
0.690000 20.153006 
0.700000 20.146440 
0.650000 19.547295 
0.650000 19.549181 
0.500000 19.591538 
0.665000 19.686443 
0.630000 19.694122 
0.585000 19.751730 
0.700000 19.776388 
0.785000 19.754659 
0.700000 19.740090 
0.600000 19.813597 
0.645000 19.760542 
0.580000 19.784733 
0.620000 19.797543 
0.595000 19.763167 
0.715000 19.752380 
0.600000 19.765798 
0.705000 19.843604 
0.685000 19.946696 
0.705000 19.993192 
0.740000 20.009556 
0.715000 19.977872 
0.700000 20.007086 
0.670000 20.094403 
0.610000 20.076719 
0.570000 20.091287 
0.600000 20.111473 
0.525000 20.099764 
0.585000 20.074529 
0.570000 20.021160 
0.710000 20.065378 
0.720000 20.033731 
0.700000 20.061047 
0.680000 20.028266 
0.580000 19.982686 
0.675000 19.968703 
0.675000 19.948253 
0.600000 19.688965 
0.535000 19.765863 
0.515000 19.755964 
0.595000 19.781722 
0.620000 19.777719 
0.535000 19.792468 
0.700000 19.844665 
0.755000 19.818772 
0.755000 19.823276 
0.675000 19.789435 
0.615000 19.770088 
0.595000 19.733996 
0.655000 19.706212 
0.780000 19.721911 
0.775000 19.732399 
0.725000 19.695665 
0.690000 19.995224 
0.705000 19.892446 
0.675000 19.896895 
0.705000 19.793819 
0.720000 19.853555 
0.665000 19.977872 
0.775000 20.083317 
0.820000 20.388482 
0.825000 20.374547 
0.885000 20.350583 
0.855000 20.373970 
0.960000 20.286488 
0.900000 20.240147 
0.975000 20.294497 
0.875000 20.107406 
0.855000 20.078475 
0.865000 20.037531 
0.835000 20.024080 
0.800000 20.009969 
0.830000 20.031626 
0.840000 20.022828 
0.765000 19.600268 
0.730000 19.613066 
0.705000 19.610780 
0.795000 19.588737 
0.925000 19.619955 
0.920000 19.643530 
0.765000 19.669737 
0.820000 19.715919 
0.875000 19.742021 
0.765000 19.743311 
0.770000 19.711524 
0.745000 19.667629 
0.880000 19.639712 
0.725000 19.623415 
0.605000 18.685671 
0.585000 18.715672 
0.580000 18.761440 
0.595000 18.757920 
0.585000 18.773256 
0.545000 18.794585 
0.540000 18.822816 
0.545000 18.846986 
0.550000 18.885672 
0.545000 18.919576 
0.560000 18.857064 
0.460000 18.720314 
0.435000 18.760135 
0.430000 18.842193 
0.430000 18.928524 
0.435000 18.936473 
0.435000 18.928829 
0.475000 18.939084 
0.435000 18.932033 
0.480000 18.850099 
0.890000 18.709680 
0.840000 18.715798 
0.780000 18.747171 
0.785000 18.734105 
0.695000 18.749752 
0.650000 18.777886 
0.605000 18.795124 
0.540000 18.762355 
0.770000 20.087295 
0.840000 20.090843 
1.075000 20.078914 
0.835000 20.053295 
0.870000 20.055012 
0.965000 20.046024 
0.910000 19.997668 
1.030000 19.940877 
0.550000 19.861438 
0.540000 19.828846 
0.560000 19.801279 
0.575000 19.781722 
0.640000 19.784063 
0.580000 19.760870 
0.600000 19.728892 
0.670000 19.705589 
0.630000 19.671547 
0.630000 19.599702 
0.675000 19.575391 
0.710000 19.568779 
0.740000 19.525171 
0.750000 19.531522 
0.690000 19.787417 
0.585000 19.797204 
0.500000 19.774063 
0.500000 19.759560 
0.600000 19.742988 
0.660000 19.695974 
0.690000 19.645886 
0.650000 19.553235 
0.685000 19.482740 
0.665000 19.419892 
0.805000 19.327658 
0.715000 19.293449 
0.660000 19.279893 
0.610000 19.290469 
0.895000 19.505561 
0.935000 19.618803 
0.920000 19.640298 
0.815000 19.707772 
0.835000 19.718438 
0.785000 19.645002 
0.780000 19.650911 
0.560000 19.511537 
0.560000 19.734316 
0.535000 19.719384 
0.530000 19.726031 
0.495000 19.698756 
0.520000 19.689815 
0.575000 19.669737 
0.605000 19.655066 
0.640000 19.625439 
0.590000 19.629788 
0.610000 19.549721 
0.590000 19.514407 
0.580000 19.612494 
0.670000 19.643236 
0.590000 19.632989 
0.540000 19.626018 
0.530000 19.651800 
0.600000 19.781387 
0.660000 19.668231 
0.695000 19.716233 
0.770000 19.716233 
0.685000 19.621395 
0.700000 19.646771 
0.810000 19.636783 
0.805000 19.601966 
0.780000 19.573182 
0.760000 19.582878 
0.730000 18.909053 
0.995000 17.285471 
0.900000 18.548037 
0.870000 18.733851 
0.850000 18.726998 
1.095000 18.669834 
0.980000 17.496894 
0.640000 18.549648 
0.645000 18.662419 
0.620000 17.985740 
0.700000 17.955488 
0.670000 17.975246 
0.750000 17.972717 
0.730000 17.973222 
0.735000 18.012724 
0.800000 18.132584 
0.720000 19.464873 
0.645000 19.448769 
0.600000 19.456420 
0.615000 19.488592 
0.580000 19.511016 
0.565000 19.658939 
0.515000 19.742021 
0.525000 19.808448 
0.535000 19.831641 
0.525000 19.895039 
0.495000 19.930863 
0.490000 20.013273 
0.555000 19.697519 
0.535000 19.707772 
0.565000 19.721911 
0.620000 19.747836 
0.610000 19.687362 
0.590000 19.665525 
0.620000 19.618516 
0.705000 19.491146 
0.660000 19.568779 
0.535000 19.654175 
0.540000 19.649431 
0.535000 19.631242 
0.560000 19.661628 
0.580000 19.686443 
0.515000 19.667328 
0.495000 19.657448 
0.480000 19.639125 
0.505000 19.666727 
0.530000 19.673057 
0.505000 19.670340 
0.540000 19.651800 
0.545000 19.654769 
0.520000 19.673360 
0.590000 19.666125 
0.600000 19.648839 
0.615000 19.607644 
0.645000 19.534712 
0.720000 19.506338 
0.710000 19.470378 
0.705000 19.464124 
0.760000 19.485280 
0.680000 19.448769 
0.720000 19.441172 
0.770000 19.458403 
0.860000 19.480206 
0.870000 19.509975 
0.810000 19.509195 
0.665000 19.754985 
0.635000 19.736878 
0.655000 19.713406 
0.700000 19.677906 
0.735000 19.641766 
0.775000 19.634155 
0.805000 19.626887 
0.835000 19.622260 
0.785000 19.645002 
0.765000 19.633863 
0.750000 19.560570 
0.760000 19.484772 
0.750000 19.432174 
0.755000 19.392230 
0.750000 19.339379 
0.710000 19.673608 
0.865000 19.533595 
0.680000 19.571254 
0.670000 19.548911 
0.765000 19.560843 
0.675000 19.627176 
0.735000 19.537910 
0.585000 19.517285 
0.535000 19.542995 
0.560000 19.537910 
0.585000 19.581765 
0.595000 19.607929 
0.555000 19.701236 
0.515000 19.765469 
0.565000 19.780386 
0.495000 19.774063 
0.485000 19.798560 
0.485000 19.801960 
0.505000 19.738804 
0.495000 19.219706 
0.580000 19.455182 
0.605000 19.524907 
0.570000 19.556489 
0.515000 19.625728 
0.565000 19.678513 
0.620000 19.693198 
0.595000 19.714347 
0.605000 19.807421 
0.615000 19.899499 
0.615000 19.855341 
0.755000 19.758251 
0.740000 19.781387 
0.780000 19.866485 
0.775000 19.867569 
0.735000 19.912615 
0.660000 19.986312 
0.655000 20.068855 
0.605000 20.064510 
0.595000 20.046876 
0.560000 19.973876 
0.590000 19.302008 
0.455000 19.761198 
0.440000 19.796526 
0.465000 19.837606 
0.595000 19.694431 
0.650000 19.696283 
0.625000 19.672755 
0.640000 19.667328 
0.630000 19.647953 
0.585000 19.619955 
0.595000 19.538979 
0.665000 19.499292 
0.515000 19.773068 
0.540000 19.782725 
0.620000 19.764153 
0.865000 19.737199 
0.980000 19.733677 
1.060000 19.695974 
1.110000 19.659536 
1.065000 19.630951 
1.125000 19.623993 
0.895000 19.562207 
0.690000 19.538712 
0.645000 19.475659 
0.905000 19.401608 
0.950000 19.309769 
0.935000 19.026643 
0.815000 19.405146 
0.760000 19.463875 
0.705000 19.467372 
0.845000 19.503748 
0.815000 19.585106 
0.935000 19.558936 
0.935000 19.566036 
0.555000 19.858206 
0.545000 19.890228 
0.660000 19.896524 
0.645000 19.869017 
0.635000 19.881400 
0.640000 19.875555 
0.815000 20.043894 
0.770000 20.023245 
0.690000 20.014514 
0.610000 19.973078 
0.560000 19.987523 
0.600000 19.983089 
0.605000 19.950593 
0.605000 19.963949 
0.575000 19.724127 
0.905000 19.729847 
0.955000 19.710585 
0.900000 19.707460 
0.885000 19.644413 
0.820000 19.734316 
0.830000 19.716233 
0.970000 19.711838 
0.975000 19.272968 
0.900000 19.213550 
0.910000 19.007640 
0.550000 19.567681 
0.550000 19.519120 
0.555000 19.504007 
0.600000 19.621107 
0.535000 19.646181 
0.505000 19.654769 
0.540000 19.703410 
0.565000 19.701546 
0.510000 19.720647 
0.535000 19.749457 
0.485000 19.668532 
0.475000 19.726031 
0.495000 19.683386 
0.450000 19.631533 
0.465000 19.628627 
0.530000 19.589296 
0.615000 19.455182 
0.555000 19.610209 
0.560000 19.608214 
0.635000 19.315845 
0.675000 19.909603 
0.565000 19.643824 
0.590000 19.590977 
0.580000 19.599702 
0.580000 19.690737 
